Date,Open,High,Low,Close,Adj Close,Volume
2015-11-30,29.5,29.85,29.44,29.58,27.31,156721200
2015-12-01,29.69,29.7,29.22,29.33,27.09,139409600
2015-12-02,29.33,29.53,29.02,29.07,26.85,133546400
2015-12-03,29.14,29.2,28.56,28.8,26.6,166278000
2015-12-04,28.82,29.81,28.78,29.76,27.48,231108000
2015-12-07,29.75,29.97,29.45,29.57,27.31,128336800
2015-12-08,29.38,29.65,29.22,29.56,27.3,137238000
2015-12-09,29.41,29.42,28.77,28.91,26.69,185445600
2015-12-10,29.01,29.24,28.88,29.04,26.82,116850800
2015-12-11,28.8,28.85,28.21,28.3,26.13,187544800
2015-12-14,28.05,28.17,27.45,28.12,25.97,257274800
2015-12-15,27.99,28.2,27.59,27.62,25.51,213292400
2015-12-16,27.77,28.0,27.2,27.83,25.71,224954000
2015-12-17,28.0,28.06,27.25,27.25,25.16,179091200
2015-12-18,27.23,27.38,26.45,26.51,24.48,385813200
2015-12-21,26.82,26.84,26.39,26.83,24.78,190362400
2015-12-22,26.85,26.93,26.61,26.81,24.76,131157600
2015-12-23,26.82,27.21,26.8,27.15,25.08,130629600
2015-12-24,27.25,27.25,26.99,27.01,24.94,54281600
2015-12-28,26.9,26.92,26.55,26.7,24.66,106816800
2015-12-29,26.74,27.36,26.72,27.18,25.11,123724800
2015-12-30,27.15,27.17,26.8,26.83,24.78,100855200
2015-12-31,26.75,26.76,26.2,26.32,24.3,163649200
2016-01-04,25.65,26.34,25.5,26.34,24.32,270597600
2016-01-05,26.44,26.46,25.6,25.68,23.71,223164000
2016-01-06,25.14,25.59,24.97,25.17,23.25,273829600
2016-01-07,24.67,25.03,24.11,24.11,22.27,324377600
2016-01-08,24.64,24.78,24.19,24.24,22.39,283192000
2016-01-11,24.74,24.76,24.33,24.63,22.75,198957600
2016-01-12,25.14,25.17,24.71,24.99,23.08,196616800
2016-01-13,25.08,25.3,24.33,24.35,22.49,249758400
2016-01-14,24.49,25.12,23.93,24.88,22.98,252680400
2016-01-15,24.05,24.43,23.84,24.28,22.43,319335600
2016-01-19,24.6,24.66,23.88,24.17,22.32,212350800
2016-01-20,23.77,24.55,23.35,24.2,22.35,289337600
2016-01-21,24.26,24.47,23.74,24.08,22.23,208646000
2016-01-22,24.66,25.36,24.59,25.35,23.42,263202000
2016-01-25,25.38,25.38,24.8,24.86,22.96,207178000
2016-01-26,24.98,25.22,24.52,25.0,23.09,300308000
2016-01-27,24.01,24.16,23.33,23.35,21.57,533478800
2016-01-28,23.45,23.63,23.1,23.52,21.72,222715200
2016-01-29,23.7,24.33,23.59,24.33,22.47,257666000
2016-02-01,24.12,24.18,23.85,24.11,22.26,163774000
2016-02-02,23.85,24.01,23.57,23.62,21.81,149428800
2016-02-03,23.75,24.21,23.52,24.09,22.25,183857200
2016-02-04,23.97,24.33,23.8,24.15,22.42,185886800
2016-02-05,24.13,24.23,23.42,23.5,21.83,185672400
2016-02-08,23.28,23.92,23.26,23.75,22.05,216085600
2016-02-09,23.57,23.99,23.48,23.75,22.05,177324800
2016-02-10,23.98,24.09,23.52,23.57,21.88,169374400
2016-02-11,23.45,23.68,23.15,23.42,21.75,200298800
2016-02-12,23.55,23.62,23.25,23.5,21.82,161405600
2016-02-16,23.75,24.21,23.65,24.16,22.43,196231600
2016-02-17,24.17,24.55,24.04,24.53,22.78,179452800
2016-02-18,24.71,24.72,24.02,24.07,22.35,156084000
2016-02-19,24.0,24.19,23.95,24.01,22.29,141496800
2016-02-22,24.08,24.23,23.98,24.22,22.49,137123200
2016-02-23,24.1,24.12,23.64,23.67,21.98,127770400
2016-02-24,23.5,24.09,23.33,24.02,22.31,145022800
2016-02-25,24.01,24.19,23.81,24.19,22.46,110330800
2016-02-26,24.3,24.5,24.15,24.23,22.5,115964400
2016-02-29,24.22,24.56,24.16,24.17,22.44,140865200
2016-03-01,24.41,25.19,24.35,25.13,23.34,201628400
2016-03-02,25.13,25.22,24.91,25.19,23.39,132678400
2016-03-03,25.15,25.43,25.11,25.38,23.56,147822800
2016-03-04,25.59,25.94,25.34,25.75,23.91,184220400
2016-03-07,25.6,25.71,25.24,25.47,23.65,143315600
2016-03-08,25.19,25.44,25.1,25.26,23.45,126247600
2016-03-09,25.33,25.4,25.07,25.28,23.47,108806800
2016-03-10,25.35,25.56,25.04,25.29,23.48,134054400
2016-03-11,25.56,25.57,25.38,25.57,23.74,109632800
2016-03-14,25.48,25.73,25.44,25.63,23.8,100304400
2016-03-15,25.99,26.3,25.96,26.15,24.28,160270800
2016-03-16,26.15,26.58,26.15,26.49,24.6,153214000
2016-03-17,26.38,26.62,26.24,26.45,24.56,137682800
2016-03-18,26.58,26.62,26.3,26.48,24.59,176820800
2016-03-21,26.48,26.91,26.28,26.48,24.59,142010800
2016-03-22,26.31,26.82,26.3,26.68,24.77,129777600
2016-03-23,26.62,26.77,26.48,26.53,24.64,102814000
2016-03-24,26.37,26.56,26.22,26.42,24.53,104532000
2016-03-28,26.5,26.55,26.26,26.3,24.42,77645600
2016-03-29,26.22,26.95,26.22,26.92,25.0,124760400
2016-03-30,27.16,27.6,27.15,27.39,25.43,182404400
2016-03-31,27.43,27.48,27.22,27.25,25.3,103553600
2016-04-01,27.19,27.5,27.05,27.5,25.53,103496000
2016-04-04,27.6,28.05,27.57,27.78,25.79,149424800
2016-04-05,27.38,27.68,27.35,27.45,25.49,106314800
2016-04-06,27.56,27.75,27.3,27.74,25.76,105616400
2016-04-07,27.49,27.6,27.03,27.14,25.2,127207600
2016-04-08,27.23,27.44,27.04,27.17,25.22,94326800
2016-04-11,27.24,27.65,27.21,27.25,25.31,117630000
2016-04-12,27.33,27.62,27.17,27.61,25.64,108929200
2016-04-13,27.7,28.08,27.7,28.01,26.01,133029200
2016-04-14,27.91,28.1,27.83,28.02,26.02,101895600
2016-04-15,28.03,28.08,27.43,27.46,25.5,187756000
2016-04-18,27.22,27.24,26.74,26.87,24.95,243286000
2016-04-19,26.97,27.0,26.56,26.73,24.82,129539600
2016-04-20,26.66,27.02,26.51,26.78,24.87,122444000
2016-04-21,26.73,26.73,26.38,26.49,24.6,126210000
2016-04-22,26.25,26.62,26.16,26.42,24.53,134732400
2016-04-25,26.25,26.41,26.13,26.27,24.39,112126400
2016-04-26,25.98,26.33,25.98,26.09,24.22,224064800
2016-04-27,24.0,24.68,23.92,24.45,22.71,458408400
2016-04-28,24.4,24.47,23.56,23.71,22.01,328970800
2016-04-29,23.5,23.68,23.13,23.43,21.76,274126000
2016-05-02,23.49,23.52,23.1,23.41,21.74,192640400
2016-05-03,23.55,23.93,23.42,23.8,22.09,227325200
2016-05-04,23.8,23.98,23.45,23.55,21.86,164102000
2016-05-05,23.5,23.52,23.17,23.31,21.78,143562000
2016-05-06,23.34,23.36,22.96,23.18,21.65,174799600
2016-05-09,23.25,23.44,23.15,23.2,21.67,131745600
2016-05-10,23.33,23.39,23.03,23.35,21.82,134747200
2016-05-11,23.37,23.39,23.11,23.13,21.61,114876400
2016-05-12,23.18,23.19,22.37,22.58,21.1,305258800
2016-05-13,22.5,22.92,22.5,22.63,21.14,177571200
2016-05-16,23.1,23.6,22.91,23.47,21.93,245039200
2016-05-17,23.64,23.67,23.25,23.37,21.83,187667600
2016-05-18,23.54,23.8,23.47,23.64,22.08,168249600
2016-05-19,23.66,23.66,23.39,23.55,22.0,121768400
2016-05-20,23.66,23.86,23.63,23.81,22.24,128104000
2016-05-23,23.97,24.3,23.92,24.11,22.52,152074400
2016-05-24,24.31,24.52,24.21,24.48,22.86,140560800
2016-05-25,24.67,24.93,24.53,24.91,23.27,152675200
2016-05-26,24.92,25.18,24.66,25.1,23.45,225324800
2016-05-27,24.86,25.12,24.81,25.09,23.44,145364800
2016-05-31,24.9,25.1,24.7,24.97,23.32,169228800
2016-06-01,24.75,24.89,24.58,24.61,22.99,116693200
2016-06-02,24.4,24.46,24.16,24.43,22.82,160766400
2016-06-03,24.45,24.57,24.36,24.48,22.87,114019600
2016-06-06,24.5,25.47,24.39,24.66,23.03,93170000
2016-06-07,24.81,24.97,24.74,24.76,23.13,89638000
2016-06-08,24.75,24.89,24.67,24.74,23.11,83392400
2016-06-09,24.62,25.0,24.61,24.91,23.27,106405600
2016-06-10,24.63,24.84,24.62,24.71,23.08,126851600
2016-06-13,24.67,24.78,24.27,24.33,22.73,152082000
2016-06-14,24.33,24.62,24.19,24.36,22.76,127727600
2016-06-15,24.45,24.6,24.26,24.28,22.69,117780800
2016-06-16,24.11,24.44,24.02,24.39,22.78,125307200
2016-06-17,24.16,24.16,23.83,23.83,22.26,244032800
2016-06-20,24.0,24.14,23.76,23.77,22.21,137647600
2016-06-21,23.74,24.09,23.67,23.98,22.4,142185600
2016-06-22,24.06,24.22,23.84,23.89,22.32,116876400
2016-06-23,23.99,24.07,23.81,24.02,22.44,128960800
2016-06-24,23.23,23.67,23.16,23.35,21.81,301245600
2016-06-27,23.25,23.26,22.88,23.01,21.5,181958400
2016-06-28,23.23,23.42,23.03,23.4,21.86,161779600
2016-06-29,23.49,23.64,23.41,23.6,22.05,146124000
2016-06-30,23.61,23.94,23.58,23.9,22.33,143345600
2016-07-01,23.87,24.12,23.83,23.97,22.39,104106000
2016-07-05,23.85,23.85,23.61,23.75,22.18,110820800
2016-07-06,23.65,23.92,23.59,23.88,22.31,123796400
2016-07-07,23.92,24.12,23.91,23.99,22.41,100558400
2016-07-08,24.12,24.22,24.01,24.17,22.58,115648400
2016-07-11,24.19,24.41,24.18,24.25,22.65,95179600
2016-07-12,24.29,24.42,24.28,24.35,22.75,96670000
2016-07-13,24.35,24.42,24.21,24.22,22.62,103568800
2016-07-14,24.35,24.75,24.33,24.7,23.07,155676000
2016-07-15,24.73,24.83,24.62,24.69,23.07,120548000
2016-07-18,24.67,25.03,24.65,24.96,23.31,145975600
2016-07-19,24.89,25.0,24.83,24.97,23.32,95119600
2016-07-20,25.0,25.11,24.93,24.99,23.35,105104000
2016-07-21,24.96,25.25,24.78,24.86,23.22,130808000
2016-07-22,24.82,24.83,24.58,24.67,23.04,113254800
2016-07-25,24.56,24.71,24.23,24.33,22.73,161531600
2016-07-26,24.2,24.49,24.1,24.17,22.58,224959200
2016-07-27,26.07,26.09,25.69,25.74,24.04,369379200
2016-07-28,25.71,26.11,25.7,26.08,24.37,159479200
2016-07-29,26.05,26.14,25.92,26.05,24.34,110934800
2016-08-01,26.1,26.54,26.1,26.51,24.77,152671600
2016-08-02,26.51,26.52,26.0,26.12,24.4,135266400
2016-08-03,26.2,26.46,26.19,26.45,24.71,120810400
2016-08-04,26.4,26.5,26.32,26.47,24.86,109634800
2016-08-05,26.57,26.91,26.55,26.87,25.24,162213600
2016-08-08,26.88,27.09,26.79,27.09,25.45,112148800
2016-08-09,27.06,27.24,27.0,27.2,25.55,105260800
2016-08-10,27.18,27.23,26.94,27.0,25.36,96034000
2016-08-11,27.13,27.23,26.96,26.98,25.34,109938000
2016-08-12,26.94,27.11,26.94,27.05,25.4,74641600
2016-08-15,27.03,27.39,27.02,27.37,25.71,103472800
2016-08-16,27.41,27.56,27.3,27.34,25.68,135177600
2016-08-17,27.27,27.34,27.08,27.31,25.65,101424000
2016-08-18,27.31,27.4,27.25,27.27,25.61,87938800
2016-08-19,27.19,27.42,27.09,27.34,25.68,101472400
2016-08-22,27.22,27.27,26.96,27.13,25.48,103280800
2016-08-23,27.15,27.33,27.13,27.21,25.56,85030800
2016-08-24,27.14,27.19,26.92,27.01,25.37,94700400
2016-08-25,26.85,26.97,26.67,26.89,25.26,100344800
2016-08-26,26.85,26.99,26.58,26.74,25.11,111065200
2016-08-29,26.66,26.86,26.57,26.7,25.08,99881200
2016-08-30,26.45,26.62,26.38,26.5,24.89,99455600
2016-08-31,26.42,26.64,26.41,26.52,24.91,118649600
2016-09-01,26.53,26.7,26.41,26.68,25.06,106806000
2016-09-02,26.92,27.0,26.7,26.93,25.3,107210000
2016-09-06,26.98,27.08,26.88,26.92,25.29,107521600
2016-09-07,26.96,27.19,26.77,27.09,25.44,169457200
2016-09-08,26.81,26.82,26.31,26.38,24.78,212008000
2016-09-09,26.16,26.43,25.78,25.78,24.22,186228000
2016-09-12,25.66,26.43,25.63,26.36,24.76,181171200
2016-09-13,26.88,27.2,26.81,26.99,25.35,248704800
2016-09-14,27.18,28.26,27.15,27.94,26.24,443554800
2016-09-15,28.47,28.93,28.37,28.89,27.14,359934400
2016-09-16,28.78,29.03,28.51,28.73,26.98,319547600
2016-09-19,28.8,29.05,28.31,28.4,26.67,188092000
2016-09-20,28.26,28.53,28.13,28.39,26.67,138057200
2016-09-21,28.46,28.5,28.11,28.39,26.66,144012800
2016-09-22,28.59,28.74,28.5,28.66,26.91,124296000
2016-09-23,28.6,28.7,27.89,28.18,26.47,209924800
2016-09-26,27.91,28.35,27.89,28.22,26.51,119477600
2016-09-27,28.25,28.3,28.08,28.27,26.55,98429600
2016-09-28,28.42,28.66,28.36,28.49,26.76,118564400
2016-09-29,28.29,28.45,27.95,28.05,26.34,143548000
2016-09-30,28.11,28.34,27.95,28.26,26.55,145516400
2016-10-03,28.18,28.26,28.07,28.13,26.42,86807200
2016-10-04,28.26,28.58,28.16,28.25,26.53,118947200
2016-10-05,28.35,28.42,28.17,28.26,26.55,85812400
2016-10-06,28.42,28.58,28.28,28.47,26.74,115117200
2016-10-07,28.58,28.64,28.38,28.51,26.78,97433600
2016-10-10,28.75,29.19,28.68,29.01,27.25,144944000
2016-10-11,29.42,29.67,29.05,29.08,27.31,256164000
2016-10-12,29.34,29.5,29.19,29.33,27.55,150347200
2016-10-13,29.2,29.36,28.93,29.25,27.47,140769600
2016-10-14,29.47,29.54,29.28,29.41,27.62,142608800
2016-10-17,29.33,29.46,29.19,29.39,27.6,94499600
2016-10-18,29.55,29.55,29.36,29.37,27.58,98214000
2016-10-19,29.31,29.44,28.45,29.28,27.5,80138400
2016-10-20,29.22,29.34,29.08,29.26,27.49,96503200
2016-10-21,29.2,29.23,29.07,29.15,27.38,92770800
2016-10-24,29.27,29.43,29.25,29.41,27.63,94154800
2016-10-25,29.49,29.59,29.33,29.56,27.77,192516000
2016-10-26,28.58,28.92,28.33,28.9,27.14,264536800
2016-10-27,28.85,28.97,28.52,28.62,26.88,138248000
2016-10-28,28.47,28.8,28.36,28.43,26.7,151446800
2016-10-31,28.41,28.56,28.3,28.39,26.66,105677600
2016-11-01,28.36,28.44,27.63,27.87,26.18,175303200
2016-11-02,27.85,28.09,27.81,27.9,26.2,113326800
2016-11-03,27.75,27.86,27.39,27.46,25.92,107730400
2016-11-04,27.13,27.56,27.03,27.21,25.69,123348000
2016-11-07,27.52,27.63,27.36,27.6,26.06,130240000
2016-11-08,27.58,27.93,27.42,27.76,26.21,97016800
2016-11-09,27.47,27.83,27.01,27.72,26.17,236705600
2016-11-10,27.77,27.77,26.46,26.95,25.44,228538000
2016-11-11,26.78,27.22,26.64,27.11,25.59,136575600
2016-11-14,26.93,26.95,26.02,26.43,24.95,204702000
2016-11-15,26.64,26.92,26.54,26.78,25.28,129058000
2016-11-16,26.67,27.56,26.65,27.5,25.96,235362000
2016-11-17,27.45,27.59,27.21,27.49,25.95,110528000
2016-11-18,27.43,27.64,27.42,27.51,25.98,113715600
2016-11-21,27.53,28.0,27.5,27.93,26.37,117058400
2016-11-22,27.99,28.1,27.85,27.95,26.39,103862000
2016-11-23,27.84,27.88,27.58,27.81,26.25,109705600
2016-11-25,27.78,27.97,27.74,27.95,26.38,45903600
2016-11-28,27.86,28.12,27.85,27.89,26.33,108776000
2016-11-29,27.69,28.01,27.52,27.86,26.31,114115200
2016-11-30,27.9,28.05,27.57,27.63,26.08,144649200
2016-12-01,27.59,27.74,27.26,27.37,25.84,148347600
2016-12-02,27.29,27.52,27.21,27.48,25.94,106112000
2016-12-05,27.5,27.51,27.06,27.28,25.75,137298000
2016-12-06,27.38,27.59,27.3,27.49,25.95,104782000
2016-12-07,27.32,27.8,27.29,27.76,26.2,119994800
2016-12-08,27.72,28.11,27.65,28.03,26.46,108273200
2016-12-09,28.08,28.67,28.08,28.49,26.89,137610400
2016-12-12,28.32,28.75,28.12,28.33,26.74,105497600
2016-12-13,28.46,28.98,28.44,28.8,27.19,174935200
2016-12-14,28.76,29.05,28.75,28.8,27.19,136127200
2016-12-15,28.84,29.18,28.81,28.95,27.34,186098000
2016-12-16,29.12,29.12,28.91,28.99,27.37,177404400
2016-12-19,28.95,29.34,28.94,29.16,27.53,111117600
2016-12-20,29.18,29.38,29.17,29.24,27.6,85700000
2016-12-21,29.2,29.35,29.19,29.26,27.63,95132800
2016-12-22,29.09,29.13,28.91,29.07,27.45,104343600
2016-12-23,28.9,29.13,28.9,29.13,27.5,56998000
2016-12-27,29.13,29.45,29.12,29.32,27.68,73187600
2016-12-28,29.38,29.5,29.05,29.19,27.56,83623600
2016-12-29,29.11,29.28,29.1,29.18,27.55,60158000
2016-12-30,29.16,29.3,28.86,28.95,27.34,122345200
2017-01-03,28.95,29.08,28.69,29.04,27.41,115127600
2017-01-04,28.96,29.13,28.94,29.0,27.38,84472400
2017-01-05,28.98,29.22,28.95,29.15,27.52,88774400
2017-01-06,29.19,29.54,29.12,29.48,27.83,127007600
2017-01-09,29.49,29.86,29.49,29.75,28.08,134247600
2017-01-10,29.69,29.84,29.58,29.78,28.11,97848400
2017-01-11,29.68,29.98,29.65,29.94,28.26,110354400
2017-01-12,29.73,29.83,29.55,29.81,28.15,108344800
2017-01-13,29.78,29.91,29.7,29.76,28.1,104447600
2017-01-17,29.58,30.06,29.56,30.0,28.32,137759200
2017-01-18,30.0,30.12,29.93,30.0,28.32,94852000
2017-01-19,29.85,30.02,29.84,29.94,28.27,102389200
2017-01-20,30.11,30.11,29.93,30.0,28.32,130391600
2017-01-23,30.0,30.2,29.94,30.02,28.34,88200800
2017-01-24,29.89,30.02,29.88,29.99,28.31,92844000
2017-01-25,30.1,30.52,30.07,30.47,28.77,129510400
2017-01-26,30.42,30.61,30.4,30.49,28.78,105350400
2017-01-27,30.53,30.59,30.4,30.49,28.78,82251600
2017-01-30,30.23,30.41,30.17,30.41,28.71,121510000
2017-01-31,30.29,30.35,30.16,30.34,28.64,196804000
2017-02-01,31.76,32.62,31.75,32.19,30.39,447940000
2017-02-02,32.0,32.35,31.94,32.13,30.34,134841600
2017-02-03,32.08,32.3,32.04,32.27,30.47,98029200
2017-02-06,32.28,32.62,32.22,32.57,30.75,107383600
2017-02-07,32.63,33.02,32.61,32.88,31.04,152735200
2017-02-08,32.84,33.06,32.81,33.01,31.16,92016400
2017-02-09,32.91,33.11,32.78,33.1,31.39,113399600
2017-02-10,33.12,33.24,33.01,33.03,31.32,80262000
2017-02-13,33.27,33.46,33.19,33.32,31.6,92141600
2017-02-14,33.37,33.77,33.31,33.76,32.01,132904800
2017-02-15,33.88,34.07,33.65,33.88,32.12,142492400
2017-02-16,33.92,33.97,33.71,33.84,32.08,90338400
2017-02-17,33.78,33.96,33.78,33.93,32.17,88792800
2017-02-21,34.06,34.19,33.99,34.17,32.4,98028800
2017-02-22,34.11,34.28,34.03,34.28,32.5,83347600
2017-02-23,34.35,34.37,34.08,34.13,32.36,83152800
2017-02-24,33.98,34.17,33.82,34.17,32.39,87106400
2017-02-27,34.28,34.36,34.07,34.23,32.46,81029600
2017-02-28,34.27,34.36,34.17,34.25,32.47,93931600
2017-03-01,34.47,35.04,34.4,34.95,33.14,145658400
2017-03-02,35.0,35.07,34.69,34.74,32.94,104844000
2017-03-03,34.69,34.96,34.65,34.94,33.13,84432400
2017-03-06,34.84,34.94,34.65,34.83,33.03,87000000
2017-03-07,34.76,34.99,34.7,34.88,33.07,69785200
2017-03-08,34.74,34.95,34.71,34.75,32.95,74828800
2017-03-09,34.69,34.7,34.26,34.67,32.87,88623600
2017-03-10,34.81,34.84,34.66,34.78,32.98,78451200
2017-03-13,34.71,34.86,34.71,34.8,33.0,69686800
2017-03-14,34.83,34.91,34.71,34.75,32.95,61236400
2017-03-15,34.85,35.19,34.76,35.12,33.29,102767200
2017-03-16,35.18,35.26,35.06,35.17,33.35,76928000
2017-03-17,35.25,35.25,34.97,35.0,33.18,175540000
2017-03-20,35.1,35.38,35.06,35.37,33.53,86168000
2017-03-21,35.53,35.7,34.93,34.96,33.15,158119600
2017-03-22,34.96,35.4,34.94,35.35,33.52,103440800
2017-03-23,35.31,35.4,35.15,35.23,33.4,81385200
2017-03-24,35.38,35.44,35.09,35.16,33.34,89582400
2017-03-27,34.85,35.31,34.65,35.22,33.39,94300400
2017-03-28,35.23,36.01,35.15,35.95,34.09,133499200
2017-03-29,35.92,36.12,35.8,36.03,34.16,116760000
2017-03-30,36.05,36.12,35.88,35.98,34.12,84829200
2017-03-31,35.93,36.07,35.75,35.92,34.05,78646800
2017-04-03,35.93,36.03,35.76,35.92,34.06,79942800
2017-04-04,35.81,36.22,35.79,36.19,34.32,79565600
2017-04-05,36.06,36.37,35.95,36.01,34.14,110871600
2017-04-06,36.07,36.13,35.86,35.92,34.05,84596000
2017-04-07,35.93,36.04,35.82,35.83,33.98,66688800
2017-04-10,35.9,35.97,35.72,35.79,33.94,75733600
2017-04-11,35.74,35.84,35.01,35.41,33.57,121517600
2017-04-12,35.4,35.54,35.25,35.45,33.61,81400000
2017-04-13,35.48,35.6,35.26,35.26,33.43,71291600
2017-04-17,35.37,35.47,35.22,35.46,33.62,66328400
2017-04-18,35.35,35.51,35.28,35.3,33.47,58790000
2017-04-19,35.47,35.5,35.11,35.17,33.35,69313600
2017-04-20,35.31,35.73,35.29,35.61,33.76,93278400
2017-04-21,35.61,35.67,35.46,35.57,33.72,69283600
2017-04-24,35.88,35.99,35.79,35.91,34.05,68537200
2017-04-25,35.98,36.22,35.97,36.13,34.26,75486000
2017-04-26,36.12,36.15,35.85,35.92,34.06,80164800
2017-04-27,35.98,36.04,35.83,35.95,34.08,56985200
2017-04-28,36.02,36.08,35.82,35.91,34.05,83441600
2017-05-01,36.28,36.8,36.24,36.65,34.75,134411600
2017-05-02,36.88,37.02,36.71,36.88,34.97,181408800
2017-05-03,36.4,36.87,36.07,36.76,34.86,182788000
2017-05-04,36.63,36.78,36.45,36.63,34.73,93487600
2017-05-05,36.69,37.24,36.69,37.24,35.31,109310800
2017-05-08,37.26,38.42,37.26,38.25,36.27,195009600
2017-05-09,38.47,38.72,38.36,38.5,36.5,156521600
2017-05-10,38.41,38.49,38.03,38.31,36.33,103222800
2017-05-11,38.11,38.52,38.08,38.49,36.64,109020400
2017-05-12,38.67,39.1,38.67,39.03,37.15,130108000
2017-05-15,39.0,39.16,38.76,38.92,37.06,104038800
2017-05-16,38.99,39.01,38.68,38.87,37.0,80194000
2017-05-17,38.4,38.64,37.43,37.56,35.76,203070800
2017-05-18,37.82,38.33,37.78,38.13,36.31,134272800
2017-05-19,38.35,38.49,38.16,38.26,36.43,107843200
2017-05-22,38.5,38.65,38.23,38.5,36.65,91865600
2017-05-23,38.72,38.72,38.33,38.45,36.61,79675600
2017-05-24,38.46,38.54,38.17,38.33,36.5,76712000
2017-05-25,38.43,38.59,38.26,38.47,36.62,76942400
2017-05-26,38.5,38.56,38.33,38.4,36.56,87710400
2017-05-30,38.35,38.61,38.33,38.42,36.58,80507600
2017-05-31,38.49,38.54,38.1,38.19,36.36,97804800
2017-06-01,38.29,38.33,38.06,38.29,36.46,65616400
2017-06-02,38.4,38.86,38.22,38.86,37.0,111082800
2017-06-05,38.58,38.61,38.37,38.48,36.64,101326800
2017-06-06,38.47,38.95,38.44,38.61,36.76,106499600
2017-06-07,38.76,38.99,38.62,38.84,36.98,84278400
2017-06-08,38.81,38.88,38.6,38.75,36.89,85003200
2017-06-09,38.8,38.8,36.51,37.24,35.46,259530800
2017-06-12,36.44,36.52,35.63,36.35,34.61,289229200
2017-06-13,36.79,36.86,36.29,36.65,34.89,136661600
2017-06-14,36.88,36.88,35.96,36.29,34.55,126124800
2017-06-15,35.83,36.12,35.55,36.07,34.34,128661600
2017-06-16,35.94,36.12,35.55,35.57,33.86,201444400
2017-06-19,35.92,36.69,35.92,36.58,34.83,130165600
2017-06-20,36.72,36.72,36.24,36.25,34.52,99600400
2017-06-21,36.38,36.52,36.15,36.47,34.72,85063200
2017-06-22,36.44,36.67,36.28,36.41,34.66,76425200
2017-06-23,36.28,36.79,36.28,36.57,34.82,141757600
2017-06-26,36.79,37.07,36.35,36.46,34.71,102769600
2017-06-27,36.25,36.54,35.9,35.93,34.21,99047600
2017-06-28,36.12,36.53,35.79,36.46,34.71,88329600
2017-06-29,36.18,36.28,35.57,35.92,34.2,125997600
2017-06-30,36.11,36.24,35.94,36.01,34.28,92096400
2017-07-03,36.22,36.33,35.78,35.88,34.16,57111200
2017-07-05,35.92,36.2,35.68,36.02,34.3,86278400
2017-07-06,35.76,35.88,35.6,35.68,33.97,96515200
2017-07-07,35.72,36.19,35.72,36.04,34.32,76806800
2017-07-10,36.03,36.49,35.84,36.26,34.53,84362400
2017-07-11,36.18,36.46,36.1,36.38,34.64,79127200
2017-07-12,36.47,36.54,36.21,36.44,34.69,99538000
2017-07-13,36.38,37.12,36.36,36.94,35.17,100797600
2017-07-14,36.99,37.33,36.83,37.26,35.47,80528400
2017-07-17,37.21,37.72,37.14,37.39,35.6,95174000
2017-07-18,37.3,37.53,37.17,37.52,35.72,71475200
2017-07-19,37.62,37.85,37.49,37.76,35.95,83692000
2017-07-20,37.88,37.94,37.55,37.58,35.78,68974800
2017-07-21,37.5,37.61,37.22,37.57,35.77,105010400
2017-07-24,37.65,38.11,37.47,38.02,36.2,85972800
2017-07-25,37.95,38.46,37.95,38.19,36.35,75415600
2017-07-26,38.34,38.48,38.26,38.37,36.53,63124000
2017-07-27,38.44,38.5,36.83,37.64,35.84,129905200
2017-07-28,37.47,37.56,37.3,37.38,35.58,68854800
2017-07-31,37.47,37.58,37.03,37.18,35.4,79383600
2017-08-01,37.28,37.56,37.1,37.51,35.71,141474400
2017-08-02,39.82,39.94,39.04,39.28,37.4,279747200
2017-08-03,39.26,39.3,38.76,38.89,37.03,108389200
2017-08-04,39.02,39.35,38.92,39.1,37.22,82239600
2017-08-07,39.26,39.73,39.17,39.7,37.8,87481200
2017-08-08,39.65,40.46,39.57,40.02,38.1,144823600
2017-08-09,39.81,40.32,39.78,40.26,38.34,104526000
2017-08-10,39.97,40.0,38.66,38.83,37.11,163217200
2017-08-11,39.15,39.64,39.02,39.37,37.63,105028400
2017-08-14,39.83,40.05,39.69,39.96,38.2,88490800
2017-08-15,40.17,40.55,40.03,40.4,38.61,117862000
2017-08-16,40.49,40.63,40.04,40.24,38.46,110686400
2017-08-17,40.13,40.18,39.46,39.47,37.72,111762400
2017-08-18,39.47,39.88,39.18,39.38,37.64,109712400
2017-08-21,39.38,39.47,38.78,39.3,37.57,105474000
2017-08-22,39.56,40.0,39.51,39.94,38.18,86418400
2017-08-23,39.77,40.12,39.72,39.99,38.23,77596400
2017-08-24,40.11,40.19,39.64,39.82,38.06,79275600
2017-08-25,39.91,40.14,39.82,39.97,38.2,101920400
2017-08-28,40.03,40.5,39.98,40.37,38.58,103864000
2017-08-29,40.03,40.78,40.0,40.73,38.93,118067600
2017-08-30,40.95,40.97,40.65,40.84,39.03,109078400
2017-08-31,40.91,41.13,40.87,41.0,39.19,107140400
2017-09-01,41.2,41.24,40.91,41.01,39.2,66364400
2017-09-05,40.94,41.06,40.14,40.52,38.73,117874000
2017-09-06,40.68,40.75,40.13,40.48,38.69,86606800
2017-09-07,40.52,40.56,40.09,40.31,38.53,87714000
2017-09-08,40.22,40.29,39.63,39.66,37.91,114446000
2017-09-11,40.12,40.51,39.97,40.38,38.59,126323200
2017-09-12,40.65,40.99,39.69,40.22,38.44,286856000
2017-09-13,39.97,39.99,39.48,39.91,38.15,179629600
2017-09-14,39.75,39.85,39.52,39.57,37.82,95042800
2017-09-15,39.62,40.24,39.5,39.97,38.2,196458400
2017-09-18,40.03,40.12,39.5,39.67,37.91,113077600
2017-09-19,39.88,39.94,39.61,39.68,37.93,83242400
2017-09-20,39.47,39.56,38.46,39.02,37.29,211805600
2017-09-21,38.95,38.95,38.19,38.35,36.65,150046800
2017-09-22,37.88,38.07,37.64,37.97,36.29,186581600
2017-09-25,37.5,37.96,37.29,37.64,35.97,177549200
2017-09-26,37.94,38.48,37.92,38.28,36.59,146640000
2017-09-27,38.45,38.68,38.38,38.56,36.85,102016800
2017-09-28,38.47,38.57,38.17,38.32,36.63,88022000
2017-09-29,38.3,38.53,38.0,38.53,36.83,105199200
2017-10-02,38.56,38.61,38.18,38.45,36.75,74795200
2017-10-03,38.5,38.77,38.48,38.62,36.91,64921200
2017-10-04,38.41,38.47,38.12,38.37,36.67,80655200
2017-10-05,38.54,38.86,38.51,38.85,37.13,85135200
2017-10-06,38.74,38.87,38.64,38.83,37.11,69630400
2017-10-09,38.95,39.18,38.87,38.96,37.24,65051600
2017-10-10,39.01,39.5,38.78,38.97,37.25,62468000
2017-10-11,38.99,39.24,38.94,39.14,37.41,67622400
2017-10-12,39.09,39.34,38.93,39.0,37.28,64500400
2017-10-13,39.18,39.32,39.1,39.25,37.51,65576800
2017-10-16,39.47,40.0,39.41,39.97,38.2,96486000
2017-10-17,39.94,40.22,39.81,40.12,38.34,75989200
2017-10-18,40.1,40.18,39.9,39.94,38.18,65496800
2017-10-19,39.19,39.27,38.76,38.99,37.27,170336800
2017-10-20,39.15,39.44,38.99,39.06,37.34,95896400
2017-10-23,39.22,39.42,38.88,39.04,37.32,87937200
2017-10-24,39.07,39.35,39.05,39.28,37.54,71028800
2017-10-25,39.23,39.39,38.82,39.1,37.37,84828400
2017-10-26,39.31,39.46,39.19,39.35,37.61,68002000
2017-10-27,39.82,40.9,39.67,40.76,38.96,177816800
2017-10-30,40.97,42.02,40.93,41.68,39.84,178803200
2017-10-31,41.97,42.41,41.74,42.26,40.39,144187200
2017-11-01,42.47,42.49,41.4,41.72,39.88,134551200
2017-11-02,41.65,42.12,41.32,42.03,40.17,165573600
2017-11-03,43.5,43.56,42.78,43.12,41.22,237594400
2017-11-06,43.09,43.75,42.93,43.56,41.64,140105200
2017-11-07,43.48,43.81,43.4,43.7,41.77,97446000
2017-11-08,43.67,44.06,43.58,44.06,42.11,97638000
2017-11-09,43.78,44.03,43.28,43.97,42.03,117930400
2017-11-10,43.78,43.85,43.57,43.67,41.89,100582000
2017-11-13,43.38,43.62,43.35,43.49,41.72,67928400
2017-11-14,43.26,43.37,42.79,42.83,41.09,99130000
2017-11-15,42.49,42.58,42.1,42.27,40.55,116632400
2017-11-16,42.79,42.97,42.58,42.78,41.03,94550000
2017-11-17,42.76,42.85,42.41,42.54,40.8,87598000
2017-11-20,42.57,42.64,42.39,42.49,40.76,65049600
2017-11-21,42.69,43.42,42.69,43.28,41.52,100525200
2017-11-22,43.34,43.75,43.26,43.74,41.96,102355600
2017-11-24,43.78,43.88,43.66,43.74,41.96,56106800
2017-11-27,43.76,43.77,43.33,43.52,41.75,82867200
2017-11-28,43.58,43.72,42.97,43.27,41.5,105715200
2017-11-29,43.16,43.23,41.79,42.37,40.64,166665600
2017-11-30,42.61,43.03,42.11,42.96,41.21,166108800
2017-12-01,42.49,42.92,42.12,42.76,41.02,159037200
2017-12-04,43.12,43.15,42.41,42.45,40.72,130169600
2017-12-05,42.26,42.88,42.1,42.41,40.68,109400800
2017-12-06,41.88,42.55,41.62,42.25,40.53,114240000
2017-12-07,42.26,42.61,42.23,42.33,40.61,102693200
2017-12-08,42.62,42.75,42.21,42.34,40.62,93420800
2017-12-11,42.3,43.22,42.2,43.17,41.41,141095200
2017-12-12,43.04,43.1,42.87,42.92,41.18,77636800
2017-12-13,43.12,43.38,43.0,43.07,41.31,95273600
2017-12-14,43.1,43.28,42.91,43.06,41.3,81906000
2017-12-15,43.41,43.54,43.12,43.49,41.72,160677200
2017-12-18,43.72,44.3,43.72,44.1,42.31,117684400
2017-12-19,43.76,43.85,43.52,43.63,41.86,109745600
2017-12-20,43.72,43.85,43.31,43.59,41.81,93902400
2017-12-21,43.54,44.01,43.53,43.75,41.97,83799600
2017-12-22,43.67,43.85,43.62,43.75,41.97,65397600
2017-12-26,42.7,42.87,42.42,42.64,40.9,132742000
2017-12-27,42.53,42.69,42.43,42.65,40.91,85992800
2017-12-28,42.75,42.96,42.62,42.77,41.03,65920800
2017-12-29,42.63,42.65,42.31,42.31,40.58,103999600
2018-01-02,42.54,43.08,42.31,43.06,41.31,102223600
2018-01-03,43.13,43.64,42.99,43.06,41.3,118071600
2018-01-04,43.13,43.37,43.02,43.26,41.49,89738400
2018-01-05,43.36,43.84,43.26,43.75,41.97,94640000
2018-01-08,43.59,43.9,43.48,43.59,41.81,82271200
2018-01-09,43.64,43.76,43.35,43.58,41.81,86336000
2018-01-10,43.29,43.58,43.25,43.57,41.8,95839600
2018-01-11,43.65,43.87,43.62,43.82,42.03,74670800
2018-01-12,44.04,44.34,43.91,44.27,42.47,101672400
2018-01-16,44.47,44.85,44.03,44.05,42.25,118263600
2018-01-17,44.04,44.81,43.77,44.78,42.95,137547200
2018-01-18,44.84,45.03,44.56,44.81,42.99,124773600
2018-01-19,44.65,44.9,44.35,44.62,42.8,129700400
2018-01-22,44.33,44.44,44.15,44.25,42.45,108434400
2018-01-23,44.33,44.86,44.21,44.26,42.46,130756400
2018-01-24,44.31,44.33,43.3,43.56,41.78,204420400
2018-01-25,43.63,43.74,42.63,42.78,41.03,166116000
2018-01-26,43.0,43.0,42.51,42.88,41.13,156572000
2018-01-29,42.54,42.54,41.77,41.99,40.28,202561600
2018-01-30,41.38,41.84,41.17,41.74,40.04,184192800
2018-01-31,41.72,42.11,41.62,41.86,40.15,129915600
2018-02-01,41.79,42.15,41.69,41.94,40.24,188923200
2018-02-02,41.5,41.7,40.03,40.12,38.49,346375200
2018-02-05,39.78,40.97,39.0,39.12,37.53,290954000
2018-02-06,38.71,40.93,38.5,40.76,39.1,272975200
2018-02-07,40.77,40.85,39.77,39.88,38.26,206434400
2018-02-08,40.07,40.25,38.76,38.79,37.21,217562000
2018-02-09,39.27,39.47,37.56,39.1,37.66,282690400
2018-02-12,39.62,40.97,39.38,40.68,39.18,243278000
2018-02-13,40.49,41.19,40.41,41.08,39.57,130196800
2018-02-14,40.76,41.88,40.72,41.84,40.3,162579600
2018-02-15,42.45,43.27,42.25,43.25,41.65,204588800
2018-02-16,43.09,43.71,42.94,43.11,41.52,160704400
2018-02-20,43.01,43.56,42.85,42.96,41.38,135722000
2018-02-21,43.21,43.53,42.75,42.77,41.19,149886400
2018-02-22,42.95,43.49,42.93,43.12,41.54,123967600
2018-02-23,43.42,43.91,43.38,43.88,42.26,135249600
2018-02-26,44.09,44.85,44.05,44.74,43.09,152648800
2018-02-27,44.78,45.12,44.54,44.6,42.95,155712400
2018-02-28,44.81,45.15,44.51,44.53,42.89,151128400
2018-03-01,44.63,44.94,43.17,43.75,42.14,195208000
2018-03-02,43.2,44.08,43.11,44.05,42.43,153816000
2018-03-05,43.8,44.44,43.63,44.21,42.58,113605600
2018-03-06,44.48,44.56,44.03,44.17,42.54,95154000
2018-03-07,43.74,43.96,43.57,43.76,42.15,126814000
2018-03-08,43.87,44.28,43.77,44.24,42.61,95096400
2018-03-09,44.49,45.0,44.35,44.99,43.34,128740800
2018-03-12,45.07,45.6,45.05,45.43,43.76,128828400
2018-03-13,45.65,45.88,44.81,44.99,43.33,126774000
2018-03-14,45.08,45.13,44.45,44.61,42.97,117473600
2018-03-15,44.62,45.06,44.52,44.66,43.02,90975200
2018-03-16,44.66,44.78,44.4,44.51,42.87,157618800
2018-03-19,44.33,44.37,43.42,43.83,42.21,133787200
2018-03-20,43.81,44.2,43.74,43.81,42.2,78597600
2018-03-21,43.76,43.77,42.81,42.82,41.24,148219600
2018-03-22,42.5,43.17,42.15,42.21,40.66,165963200
2018-03-23,42.1,42.48,41.24,41.24,39.72,164115200
2018-03-26,42.02,43.28,41.61,43.19,41.6,150164800
2018-03-27,43.42,43.79,41.73,42.08,40.53,163690400
2018-03-28,41.81,42.51,41.3,41.62,40.09,166674000
2018-03-29,41.95,42.94,41.72,41.94,40.4,153594000
2018-04-02,41.66,42.24,41.12,41.67,40.13,150347200
2018-04-03,41.91,42.19,41.22,42.1,40.55,121112000
2018-04-04,41.22,43.0,41.19,42.9,41.32,138422000
2018-04-05,43.15,43.56,43.02,43.2,41.61,107732800
2018-04-06,42.74,43.12,42.05,42.1,40.54,140021200
2018-04-09,42.47,43.27,42.46,42.51,40.95,116070800
2018-04-10,43.25,43.5,42.88,43.31,41.72,113634400
2018-04-11,43.06,43.48,42.92,43.11,41.52,89726400
2018-04-12,43.35,43.75,43.26,43.53,41.93,91557200
2018-04-13,43.69,43.96,43.46,43.68,42.07,100497200
2018-04-16,43.76,44.05,43.71,43.96,42.34,86313600
2018-04-17,44.12,44.74,44.1,44.56,42.92,106421600
2018-04-18,44.45,44.71,44.22,44.46,42.82,83018000
2018-04-19,43.44,43.85,43.17,43.2,41.61,139235200
2018-04-20,42.65,42.81,41.36,41.43,39.9,261964400
2018-04-23,41.71,41.73,41.02,41.31,39.79,146062000
2018-04-24,41.42,41.58,40.31,40.74,39.23,134768000
2018-04-25,40.65,41.35,40.6,40.91,39.41,113528400
2018-04-26,41.03,41.43,40.84,41.06,39.54,111852000
2018-04-27,41.0,41.08,40.16,40.58,39.09,142623200
2018-04-30,40.53,41.81,40.46,41.31,39.79,169709600
2018-05-01,41.6,42.3,41.32,42.28,40.72,214277600
2018-05-02,43.81,44.44,43.45,44.14,42.52,266157600
2018-05-03,43.97,44.38,43.61,44.22,42.59,136272800
2018-05-04,44.56,46.06,44.54,45.96,44.26,224805200
2018-05-07,46.29,46.92,46.19,46.29,44.58,169805600
2018-05-08,46.25,46.56,45.92,46.51,44.8,113611200
2018-05-09,46.64,46.85,46.31,46.84,45.11,92844800
2018-05-10,46.94,47.59,46.91,47.51,45.76,111957200
2018-05-11,47.37,47.51,46.86,47.15,45.59,104848800
2018-05-14,47.25,47.38,46.97,47.04,45.48,83115200
2018-05-15,46.69,46.77,46.28,46.61,45.07,94780800
2018-05-16,46.52,47.12,46.5,47.04,45.49,76732400
2018-05-17,47.0,47.23,46.59,46.75,45.2,69176000
2018-05-18,46.8,46.95,46.53,46.58,45.03,73190800
2018-05-21,47.0,47.32,46.73,46.91,45.35,73603200
2018-05-22,47.1,47.22,46.69,46.79,45.24,60962800
2018-05-23,46.59,47.12,46.44,47.09,45.53,80233600
2018-05-24,47.19,47.21,46.55,47.04,45.48,92936000
2018-05-25,47.06,47.41,46.91,47.15,45.58,69844000
2018-05-29,46.9,47.19,46.72,46.97,45.42,90056400
2018-05-30,46.93,47.0,46.69,46.88,45.32,74762000
2018-05-31,46.81,47.06,46.53,46.72,45.17,109931200
2018-06-01,47.0,47.56,46.94,47.56,45.98,93770000
2018-06-04,47.91,48.35,47.84,47.96,46.37,105064800
2018-06-05,48.27,48.49,48.09,48.33,46.73,86264000
2018-06-06,48.41,48.52,47.98,48.49,46.89,83734400
2018-06-07,48.53,48.55,48.08,48.37,46.76,85388800
2018-06-08,47.79,48.0,47.44,47.92,46.34,106627200
2018-06-11,47.84,47.99,47.55,47.81,46.22,73234000
2018-06-12,47.85,48.15,47.79,48.07,46.48,67644400
2018-06-13,48.1,48.22,47.61,47.67,46.1,86553600
2018-06-14,47.89,47.89,47.56,47.7,46.12,86440400
2018-06-15,47.51,47.54,47.06,47.21,45.65,246876800
2018-06-18,46.97,47.31,46.8,47.19,45.62,73939600
2018-06-19,46.28,46.58,45.86,46.42,44.88,134314000
2018-06-20,46.59,46.8,46.43,46.62,45.08,82514800
2018-06-21,46.81,47.09,46.24,46.37,44.83,102847600
2018-06-22,46.53,46.54,46.17,46.23,44.7,108801600
2018-06-25,45.85,46.23,45.18,45.54,44.03,126652400
2018-06-26,45.75,46.63,45.63,46.11,44.58,98276800
2018-06-27,46.31,46.82,46.01,46.04,44.51,101141200
2018-06-28,46.03,46.55,45.95,46.38,44.84,69460800
2018-06-29,46.57,46.8,45.73,46.28,44.74,90950800
2018-07-02,45.96,46.83,45.85,46.79,45.24,70925200
2018-07-03,46.95,46.99,45.88,45.98,44.46,55819200
2018-07-05,46.31,46.6,46.07,46.35,44.81,66416800
2018-07-06,46.35,47.11,46.3,46.99,45.44,69940800
2018-07-09,47.38,47.67,47.33,47.65,46.07,79026400
2018-07-10,47.68,47.82,47.54,47.59,46.01,63756400
2018-07-11,47.12,47.44,46.9,46.97,45.41,75326000
2018-07-12,47.38,47.85,47.33,47.76,46.18,72164400
2018-07-13,47.77,47.96,47.72,47.83,46.25,50055600
2018-07-16,47.88,48.16,47.6,47.73,46.15,60172400
2018-07-17,47.44,47.97,47.3,47.86,46.28,62138000
2018-07-18,47.94,47.95,47.48,47.6,46.02,65573600
2018-07-19,47.42,48.14,47.42,47.97,46.38,81147200
2018-07-20,47.94,48.11,47.54,47.86,46.27,82704800
2018-07-23,47.67,47.99,47.39,47.9,46.32,63957600
2018-07-24,48.11,48.42,48.01,48.25,46.65,74791600
2018-07-25,48.26,48.71,48.11,48.71,47.09,66839600
2018-07-26,48.65,48.99,48.4,48.55,46.94,76304000
2018-07-27,48.75,48.8,47.53,47.74,46.16,96096000
2018-07-30,47.97,48.05,47.27,47.48,45.9,84118000
2018-07-31,47.58,48.03,47.33,47.57,46.0,157492000
2018-08-01,49.78,50.44,49.33,50.38,48.71,271742800
2018-08-02,50.15,52.1,50.09,51.85,50.13,249616000
2018-08-03,51.76,52.19,51.37,52.0,50.28,133789600
2018-08-06,52.0,52.31,51.77,52.27,50.54,101701600
2018-08-07,52.33,52.38,51.69,51.78,50.06,102349600
2018-08-08,51.51,51.95,51.13,51.81,50.1,90102000
2018-08-09,52.38,52.44,51.8,52.22,50.49,93970400
2018-08-10,51.84,52.28,51.67,51.88,50.34,98444800
2018-08-13,52.33,52.74,51.92,52.22,50.66,103563600
2018-08-14,52.54,52.64,52.06,52.44,50.88,82992000
2018-08-15,52.31,52.69,52.08,52.56,51.0,115230400
2018-08-16,52.94,53.45,52.87,53.33,51.74,114001600
2018-08-17,53.36,54.49,53.29,54.4,52.78,141708000
2018-08-20,54.53,54.79,53.78,53.87,52.26,121150800
2018-08-21,54.2,54.3,53.51,53.76,52.16,104639200
2018-08-22,53.53,54.09,53.46,53.76,52.16,76072400
2018-08-23,53.66,54.26,53.65,53.87,52.27,75532800
2018-08-24,54.15,54.22,53.78,54.04,52.43,73905600
2018-08-27,54.29,54.69,54.08,54.49,52.86,82100400
2018-08-28,54.75,55.13,54.73,54.92,53.29,91107200
2018-08-29,55.04,55.87,54.85,55.74,54.09,109019200
2018-08-30,55.81,57.06,55.6,56.26,54.58,195175200
2018-08-31,56.63,57.22,56.5,56.91,55.22,173360400
2018-09-04,57.1,57.29,56.66,57.09,55.39,109560400
2018-09-05,57.25,57.42,56.28,56.72,55.03,133332000
2018-09-06,56.56,56.84,55.33,55.78,54.12,137160000
2018-09-07,55.46,56.34,55.18,55.33,53.68,150479200
2018-09-10,55.24,55.46,54.12,54.58,52.96,158066000
2018-09-11,54.5,56.08,54.14,55.96,54.3,142996000
2018-09-12,56.24,56.25,54.96,55.27,53.62,197114800
2018-09-13,55.88,57.09,55.64,56.6,54.92,166825600
2018-09-14,56.44,56.71,55.63,55.96,54.3,127997200
2018-09-17,55.54,55.74,54.32,54.47,52.85,148780400
2018-09-18,54.45,55.46,54.28,54.56,52.94,126286800
2018-09-19,54.62,54.9,53.83,54.59,52.97,108495200
2018-09-20,55.06,55.57,54.79,55.01,53.37,106435200
2018-09-21,55.19,55.34,54.32,54.42,52.8,384986800
2018-09-24,54.21,55.31,54.16,55.2,53.56,110773600
2018-09-25,54.94,55.71,54.92,55.55,53.9,98217600
2018-09-26,55.25,55.94,54.94,55.1,53.47,95938800
2018-09-27,55.96,56.61,55.88,56.24,54.57,120724800
2018-09-28,56.2,56.46,56.01,56.44,54.76,91717600
2018-10-01,56.99,57.35,56.59,56.81,55.13,94403200
2018-10-02,56.81,57.5,56.66,57.32,55.62,99152800
2018-10-03,57.51,58.37,57.44,58.02,56.29,114619200
2018-10-04,57.69,58.09,56.68,57.0,55.3,128168000
2018-10-05,56.99,57.1,55.15,56.07,54.41,134322000
2018-10-08,55.55,56.2,55.05,55.94,54.28,118655600
2018-10-09,55.91,56.82,55.56,56.72,55.03,107564000
2018-10-10,56.37,56.59,54.01,54.09,52.48,167962400
2018-10-11,53.63,54.88,53.08,53.61,52.02,212497600
2018-10-12,55.1,55.72,54.21,55.53,53.88,161351600
2018-10-15,55.29,55.46,54.32,54.34,52.72,123164000
2018-10-16,54.73,55.75,54.19,55.54,53.89,116736000
2018-10-17,55.58,55.66,54.83,55.3,53.65,91541600
2018-10-18,54.47,54.94,53.25,54.01,52.4,130325200
2018-10-19,54.51,55.31,54.36,54.83,53.2,132314800
2018-10-22,54.95,55.84,54.74,55.16,53.52,115168400
2018-10-23,53.96,55.81,53.67,55.68,54.03,155071200
2018-10-24,55.65,56.06,53.63,53.77,52.17,163702000
2018-10-25,54.43,55.35,54.19,54.95,53.32,119423200
2018-10-26,53.97,55.05,53.17,54.08,52.47,189033600
2018-10-29,54.8,54.92,51.52,53.06,51.48,183742000
2018-10-30,52.79,53.79,52.32,53.33,51.74,146640000
2018-10-31,54.22,55.11,54.15,54.72,53.09,153435600
2018-11-01,54.76,55.59,54.2,55.56,53.9,233292800
2018-11-02,52.39,53.41,51.36,51.87,50.33,365314800
2018-11-05,51.08,51.1,49.54,50.4,48.9,264654800
2018-11-06,50.48,51.18,50.42,50.94,49.43,127531600
2018-11-07,51.49,52.51,51.03,52.49,50.93,133697600
2018-11-08,52.49,52.53,51.69,52.12,50.75,101450400
2018-11-09,51.39,51.5,50.56,51.12,49.77,137463200
2018-11-12,49.75,49.96,48.45,48.54,47.26,204542000
2018-11-13,47.91,49.29,47.86,48.06,46.79,187531600
2018-11-14,48.47,48.62,46.48,46.7,45.47,243204000
2018-11-15,47.1,47.99,46.72,47.85,46.59,185915200
2018-11-16,47.62,48.74,47.37,48.38,47.11,147713200
2018-11-19,47.5,47.67,46.25,46.47,45.24,167701200
2018-11-20,44.59,45.37,43.88,44.24,43.08,271300800
2018-11-21,44.93,45.07,44.14,44.19,43.03,124496800
2018-11-23,43.74,44.15,43.03,43.07,41.94,94496000
2018-11-26,43.56,43.74,42.56,43.65,42.5,179994000
2018-11-27,42.88,43.69,42.72,43.56,42.41,165549600
2018-11-28,44.18,45.32,43.73,45.24,44.04,184250000
2018-11-29,45.67,45.7,44.42,44.89,43.7,167080000
2018-11-30,45.07,45.08,44.26,44.65,43.47,158126000
2018-12-03,46.12,46.24,45.3,46.21,44.99,163210000
2018-12-04,45.24,45.6,44.07,44.17,43.01,165377200
2018-12-06,42.94,43.69,42.6,43.68,42.53,172393600
2018-12-07,43.37,43.62,42.08,42.12,41.01,169126400
2018-12-10,41.25,42.52,40.83,42.4,41.28,248104000
2018-12-11,42.92,42.95,41.75,42.16,41.05,189126800
2018-12-12,42.6,42.98,42.26,42.28,41.16,142510800
2018-12-13,42.62,43.14,42.39,42.74,41.61,127594400
2018-12-14,42.25,42.27,41.32,41.37,40.28,162814800
2018-12-17,41.36,42.09,40.68,40.99,39.91,177151600
2018-12-18,41.35,41.88,41.1,41.52,40.42,135366000
2018-12-19,41.5,41.86,39.77,40.22,39.16,196189200
2018-12-20,40.1,40.53,38.83,39.21,38.17,259092000
2018-12-21,39.22,39.54,37.41,37.68,36.69,382978400
2018-12-24,37.04,37.89,36.65,36.71,35.74,148676800
2018-12-26,37.08,39.31,36.68,39.29,38.26,234330000
2018-12-27,38.96,39.19,37.52,39.04,38.01,212468400
2018-12-28,39.38,39.63,38.64,39.06,38.03,169165600
2018-12-31,39.63,39.84,39.12,39.44,38.4,140014000
2019-01-02,38.72,39.71,38.56,39.48,38.44,148158800
2019-01-03,35.99,36.43,35.5,35.55,34.61,365248800
2019-01-04,36.13,37.14,35.95,37.06,36.09,234428400
2019-01-07,37.17,37.21,36.47,36.98,36.01,219111200
2019-01-08,37.39,37.96,37.13,37.69,36.69,164101200
2019-01-09,37.82,38.63,37.41,38.33,37.32,180396400
2019-01-10,38.12,38.49,37.72,38.45,37.44,143122800
2019-01-11,38.22,38.42,37.88,38.07,37.07,108092800
2019-01-14,37.71,37.82,37.31,37.5,36.51,129756800
2019-01-15,37.57,38.35,37.51,38.27,37.26,114843600
2019-01-16,38.27,38.97,38.25,38.74,37.71,122278800
2019-01-17,38.55,39.42,38.31,38.97,37.94,119284800
2019-01-18,39.38,39.47,38.99,39.21,38.17,135004000
2019-01-22,39.1,39.18,38.15,38.33,37.32,121576000
2019-01-23,38.54,38.78,37.92,38.48,37.47,92522400
2019-01-24,38.53,38.62,37.94,38.17,37.17,101766000
2019-01-25,38.87,39.53,38.58,39.44,38.4,134142000
2019-01-28,38.95,39.08,38.42,39.08,38.05,104768400
2019-01-29,39.06,39.53,38.53,38.67,37.65,166348800
2019-01-30,40.81,41.54,40.06,41.31,40.22,244439200
2019-01-31,41.53,42.25,41.14,41.61,40.51,162958400
2019-02-01,41.74,42.24,41.48,41.63,40.53,130672400
2019-02-04,41.85,42.92,41.82,42.81,41.68,125982000
2019-02-05,43.22,43.77,43.09,43.54,42.4,144406400
2019-02-06,43.66,43.89,43.21,43.56,42.41,112958400
2019-02-07,43.1,43.49,42.58,42.74,41.61,126966800
2019-02-08,42.25,42.67,42.1,42.6,41.66,95280000
2019-02-11,42.76,42.8,42.31,42.36,41.42,83973600
2019-02-12,42.53,42.75,42.42,42.72,41.78,89134000
2019-02-13,42.85,43.12,42.48,42.54,41.6,89960800
2019-02-14,42.43,42.81,42.35,42.7,41.75,87342800
2019-02-15,42.81,42.92,42.44,42.6,41.66,98507200
2019-02-19,42.43,42.86,42.37,42.73,41.78,75891200
2019-02-20,42.8,43.33,42.75,43.01,42.05,104457600
2019-02-21,42.95,43.09,42.58,42.76,41.82,68998800
2019-02-22,42.9,43.25,42.85,43.24,42.28,75652800
2019-02-25,43.54,43.97,43.49,43.56,42.59,87493600
2019-02-26,43.43,43.83,43.29,43.58,42.62,68280800
2019-02-27,43.3,43.75,43.18,43.72,42.75,111341600
2019-02-28,43.58,43.73,43.23,43.29,42.33,112861600
2019-03-01,43.57,43.79,43.22,43.74,42.77,103544800
2019-03-04,43.92,44.44,43.49,43.96,42.99,109744800
2019-03-05,43.99,44.0,43.63,43.88,42.91,78949600
2019-03-06,43.67,43.87,43.49,43.63,42.66,83241600
2019-03-07,43.47,43.61,43.01,43.12,42.17,99185600
2019-03-08,42.58,43.27,42.38,43.23,42.27,95997600
2019-03-11,43.87,44.78,43.84,44.72,43.73,128044000
2019-03-12,45.0,45.67,44.84,45.23,44.22,129870400
2019-03-13,45.56,45.83,45.23,45.43,44.42,124130000
2019-03-14,45.97,46.03,45.64,45.93,44.91,94318000
2019-03-15,46.21,46.83,45.94,46.53,45.5,156171600
2019-03-18,46.45,47.1,46.45,47.01,45.96,104879200
2019-03-19,47.09,47.25,46.48,46.63,45.6,126585600
2019-03-20,46.56,47.37,46.18,47.04,46.0,124140800
2019-03-21,47.51,49.08,47.45,48.77,47.69,204136800
2019-03-22,48.83,49.42,47.69,47.76,46.7,169630800
2019-03-25,47.88,47.99,46.65,47.19,46.14,175381200
2019-03-26,47.92,48.22,46.15,46.7,45.66,199202000
2019-03-27,47.19,47.44,46.64,47.12,46.07,119393600
2019-03-28,47.24,47.39,46.88,47.18,46.13,83121600
2019-03-29,47.46,47.52,47.13,47.49,46.43,94256000
2019-04-01,47.91,47.92,47.1,47.81,46.75,111448000
2019-04-02,47.77,48.62,47.76,48.51,47.43,91062800
2019-04-03,48.31,49.12,48.29,48.84,47.75,93087200
2019-04-04,48.7,49.09,48.28,48.92,47.84,76457200
2019-04-05,49.11,49.28,48.98,49.25,48.16,74106400
2019-04-08,49.1,50.06,49.08,50.03,48.92,103526800
2019-04-09,50.08,50.71,49.81,49.88,48.77,143072800
2019-04-10,49.67,50.19,49.54,50.15,49.04,86781200
2019-04-11,50.21,50.25,49.61,49.74,48.63,83603200
2019-04-12,49.8,50.03,49.05,49.72,48.62,111042800
2019-04-15,49.65,49.96,49.5,49.81,48.7,70146400
2019-04-16,49.87,50.34,49.64,49.81,48.71,102785600
2019-04-17,49.88,50.85,49.65,50.78,49.66,115627200
2019-04-18,50.78,51.04,50.63,50.97,49.83,96783200
2019-04-22,50.71,51.24,50.58,51.13,50.0,77758000
2019-04-23,51.11,51.94,50.97,51.87,50.72,93292000
2019-04-24,51.84,52.12,51.76,51.79,50.64,70162400
2019-04-25,51.71,51.94,51.28,51.32,50.18,74172800
2019-04-26,51.22,51.25,50.53,51.08,49.94,74596400
2019-04-29,51.1,51.49,50.97,51.15,50.02,88818800
2019-04-30,50.76,50.85,49.78,50.17,49.06,186139600
2019-05-01,52.47,53.83,52.31,52.63,51.46,259309200
2019-05-02,52.46,53.16,52.03,52.29,51.13,127985200
2019-05-03,52.72,52.96,52.56,52.94,51.76,83569600
2019-05-06,51.07,52.21,50.88,52.12,50.96,129772400
2019-05-07,51.47,51.85,50.21,50.72,49.59,155054800
2019-05-08,50.47,51.33,50.44,50.72,49.6,105358000
2019-05-09,50.1,50.42,49.17,50.18,49.07,139634400
2019-05-10,49.35,49.71,48.19,49.29,48.39,164834800
2019-05-13,46.93,47.37,45.71,46.43,45.58,229722400
2019-05-14,46.6,47.42,46.35,47.17,46.3,146118800
2019-05-15,46.57,47.94,46.51,47.73,46.85,106178800
2019-05-16,47.48,48.12,47.21,47.52,46.65,132125600
2019-05-17,46.73,47.72,46.69,47.25,46.38,131516400
2019-05-20,45.88,46.09,45.07,45.77,44.93,154449200
2019-05-21,46.31,47.0,46.17,46.65,45.79,113459200
2019-05-22,46.17,46.43,45.64,45.69,44.85,118994400
2019-05-23,44.95,45.13,44.45,44.92,44.09,146118800
2019-05-24,45.05,45.53,44.65,44.74,43.92,94858800
2019-05-28,44.73,45.15,44.48,44.56,43.74,111792800
2019-05-29,44.1,44.84,44.0,44.35,43.53,113924800
2019-05-30,44.49,44.81,44.17,44.58,43.75,84873600
2019-05-31,44.06,44.5,43.75,43.77,42.96,108174400
2019-06-03,43.9,44.48,42.57,43.33,42.53,161584400
2019-06-04,43.86,44.96,43.63,44.91,44.08,123872000
2019-06-05,46.07,46.25,45.28,45.63,44.79,119093600
2019-06-06,45.77,46.37,45.54,46.31,45.45,90105200
2019-06-07,46.63,47.98,46.44,47.54,46.66,122737600
2019-06-10,47.95,48.84,47.9,48.15,47.26,104883600
2019-06-11,48.72,49.0,48.4,48.7,47.81,107731600
2019-06-12,48.49,48.99,48.35,48.55,47.65,73012800
2019-06-13,48.67,49.2,48.4,48.54,47.64,86698400
2019-06-14,47.89,48.4,47.58,48.19,47.3,75046000
2019-06-17,48.22,48.74,48.04,48.47,47.58,58676400
2019-06-18,49.01,50.07,48.8,49.61,48.7,106204000
2019-06-19,49.92,49.97,49.33,49.47,48.56,84496800
2019-06-20,50.09,50.15,49.51,49.87,48.95,86056000
2019-06-21,49.7,50.21,49.54,49.69,48.78,191202400
2019-06-24,49.63,50.04,49.54,49.65,48.73,72881600
2019-06-25,49.61,49.81,48.82,48.89,47.99,84281200
2019-06-26,49.44,50.25,49.34,49.95,49.03,104270000
2019-06-27,50.07,50.39,49.89,49.94,49.02,83598800
2019-06-28,49.67,49.88,49.26,49.48,48.57,124442400
2019-07-01,50.79,51.12,50.16,50.39,49.46,109012000
2019-07-02,50.35,50.78,50.34,50.68,49.75,67740800
2019-07-03,50.82,51.11,50.67,51.1,50.16,45448000
2019-07-05,50.84,51.27,50.72,51.06,50.12,69062000
2019-07-08,50.2,50.35,49.6,50.01,49.08,101354400
2019-07-09,49.8,50.38,49.7,50.31,49.38,82312000
2019-07-10,50.46,50.93,50.39,50.81,49.87,71588400
2019-07-11,50.83,51.1,50.43,50.44,49.51,80767200
2019-07-12,50.61,51.0,50.55,50.83,49.89,70380800
2019-07-15,51.02,51.47,51.0,51.3,50.36,67789600
2019-07-16,51.15,51.53,50.88,51.12,50.18,67467200
2019-07-17,51.01,51.27,50.82,50.84,49.9,56430000
2019-07-18,51.0,51.47,50.92,51.42,50.47,74162400
2019-07-19,51.45,51.62,50.59,50.65,49.72,83717200
2019-07-22,50.91,51.81,50.9,51.81,50.85,89111600
2019-07-23,52.12,52.23,51.82,52.21,51.25,73420800
2019-07-24,51.92,52.29,51.79,52.17,51.21,59966400
2019-07-25,52.22,52.31,51.68,51.76,50.8,55638400
2019-07-26,51.87,52.43,51.78,51.94,50.98,70475600
2019-07-29,52.12,52.66,52.11,52.42,51.46,86693600
2019-07-30,52.19,52.54,51.83,52.19,51.23,135742800
2019-07-31,54.1,55.34,52.83,53.26,52.28,277125600
2019-08-01,53.47,54.51,51.69,52.11,51.15,216071600
2019-08-02,51.38,51.61,50.41,51.01,50.07,163448400
2019-08-05,49.5,49.66,48.15,48.33,47.45,209572000
2019-08-06,49.08,49.52,48.51,49.25,48.34,143299200
2019-08-07,48.85,49.89,48.46,49.76,48.84,133457600
2019-08-08,50.05,50.88,49.85,50.86,49.92,108038000
2019-08-09,50.33,50.69,49.82,50.25,49.51,98478800
2019-08-12,49.9,50.51,49.79,50.12,49.38,89927600
2019-08-13,50.26,53.03,50.12,52.24,51.48,188874000
2019-08-14,50.79,51.61,50.65,50.69,49.94,146189600
2019-08-15,50.87,51.28,49.92,50.44,49.69,108909600
2019-08-16,51.07,51.79,50.96,51.62,50.87,110481600
2019-08-19,52.65,53.18,52.51,52.59,51.82,97654400
2019-08-20,52.72,53.34,52.58,52.59,51.82,107537200
2019-08-21,53.25,53.41,52.9,53.16,52.38,86141600
2019-08-22,53.3,53.61,52.69,53.12,52.34,89014800
2019-08-23,52.36,53.01,50.25,50.66,49.92,187272000
2019-08-26,51.47,51.8,51.26,51.62,50.86,104174400
2019-08-27,51.97,52.14,50.88,51.04,50.29,103493200
2019-08-28,51.03,51.43,50.83,51.38,50.63,63755200
2019-08-29,52.12,52.33,51.67,52.25,51.49,83962000
2019-08-30,52.54,52.61,51.8,52.19,51.42,84573600
2019-09-03,51.61,51.74,51.06,51.42,50.67,80092000
2019-09-04,52.1,52.37,51.83,52.3,51.53,76752400
2019-09-05,53.0,53.49,52.88,53.32,52.54,95654800
2019-09-06,53.51,53.6,53.13,53.31,52.53,77449200
2019-09-09,53.71,54.11,52.77,53.54,52.76,109237600
2019-09-10,53.47,54.19,52.93,54.17,53.38,127111600
2019-09-11,54.52,55.93,54.43,55.9,55.08,177158400
2019-09-12,56.2,56.6,55.72,55.77,54.95,128906800
2019-09-13,55.0,55.2,54.26,54.69,53.88,159053200
2019-09-16,54.43,55.03,54.39,54.97,54.17,84632400
2019-09-17,54.99,55.21,54.78,55.17,54.37,73274800
2019-09-18,55.26,55.71,54.86,55.69,54.88,101360000
2019-09-19,55.5,55.94,55.09,55.24,54.43,88242400
2019-09-20,55.35,55.64,54.37,54.43,53.63,221652400
2019-09-23,54.74,54.96,54.41,54.68,53.88,76662000
2019-09-24,55.26,55.62,54.3,54.42,53.62,124763200
2019-09-25,54.64,55.38,54.28,55.26,54.45,87613600
2019-09-26,55.0,55.24,54.71,54.97,54.17,75334000
2019-09-27,55.13,55.24,54.32,54.71,53.9,101408000
2019-09-30,55.22,56.15,55.2,55.99,55.17,103909600
2019-10-01,56.27,57.06,56.05,56.15,55.32,139223200
2019-10-02,55.76,55.9,54.48,54.74,53.94,138449200
2019-10-03,54.61,55.24,53.78,55.21,54.39,114426000
2019-10-04,56.41,56.87,55.97,56.75,55.92,138478800
2019-10-07,56.57,57.48,56.46,56.76,55.93,122306000
2019-10-08,56.46,57.01,56.08,56.1,55.28,111820000
2019-10-09,56.76,56.95,56.41,56.76,55.92,74770400
2019-10-10,56.98,57.61,56.83,57.52,56.68,113013600
2019-10-11,58.24,59.41,58.08,59.05,58.19,166795600
2019-10-14,58.72,59.53,58.67,58.97,58.1,96427600
2019-10-15,59.1,59.41,58.72,58.83,57.97,87360000
2019-10-16,58.34,58.81,58.3,58.59,57.73,73903200
2019-10-17,58.77,59.04,58.38,58.82,57.96,67585200
2019-10-18,58.65,59.4,58.57,59.1,58.23,97433600
2019-10-21,59.38,60.25,59.33,60.13,59.24,87247200
2019-10-22,60.29,60.55,59.9,59.99,59.11,82293600
2019-10-23,60.53,60.81,60.31,60.79,59.9,75828800
2019-10-24,61.13,61.2,60.45,60.9,60.0,69275200
2019-10-25,60.79,61.68,60.72,61.65,60.74,73477200
2019-10-28,61.85,62.31,61.68,62.26,61.35,96572800
2019-10-29,62.24,62.44,60.64,60.82,59.93,142839600
2019-10-30,61.19,61.33,60.3,60.81,59.92,124522000
2019-10-31,61.81,62.29,59.31,62.19,61.28,139162000
2019-11-01,62.38,63.98,62.29,63.96,63.02,151125200
2019-11-04,64.33,64.46,63.85,64.38,63.43,103272000
2019-11-05,64.26,64.55,64.08,64.28,63.34,79897600
2019-11-06,64.19,64.37,63.84,64.31,63.37,75864400
2019-11-07,64.68,65.09,64.53,64.86,64.1,94940400
2019-11-08,64.67,65.11,64.21,65.04,64.27,69986400
2019-11-11,64.57,65.62,64.57,65.55,64.78,81821200
2019-11-12,65.39,65.7,65.23,65.49,64.72,87388800
2019-11-13,65.28,66.19,65.27,66.12,65.34,102734400
2019-11-14,65.94,66.22,65.53,65.66,64.89,89182800
2019-11-15,65.92,66.44,65.75,66.44,65.66,100206400
2019-11-18,66.45,66.86,66.06,66.78,65.99,86703200
2019-11-19,66.97,67.0,66.35,66.57,65.79,76167200
2019-11-20,66.39,66.52,65.1,65.8,65.03,106234400
2019-11-21,65.92,66.0,65.29,65.5,64.73,121395200
2019-11-22,65.65,65.79,65.21,65.44,64.68,65325200
2019-11-25,65.68,66.61,65.63,66.59,65.81,84020400
2019-11-26,66.74,66.79,65.62,66.07,65.3,105207600
2019-11-27,66.39,67.0,66.33,66.96,66.18,65235600
2019-11-29,66.65,67.0,66.47,66.81,66.03,46617600
2019-12-02,66.82,67.06,65.86,66.04,65.27,94487200
2019-12-03,64.58,64.88,64.07,64.86,64.1,114430400
2019-12-04,65.27,65.83,65.17,65.43,64.67,67181600
2019-12-05,65.95,66.47,65.68,66.39,65.62,74424400
2019-12-06,66.87,67.75,66.82,67.68,66.88,106075600
2019-12-09,67.5,67.7,66.23,66.73,65.95,128042400
2019-12-10,67.15,67.52,66.46,67.12,66.33,90420400
2019-12-11,67.2,67.78,67.12,67.69,66.9,78756800
2019-12-12,66.94,68.14,66.83,67.86,67.07,137310400
2019-12-13,67.86,68.82,67.73,68.79,67.98,133587600
2019-12-16,69.25,70.2,69.25,69.96,69.14,128186000
2019-12-17,69.89,70.44,69.7,70.1,69.28,114158400
2019-12-18,69.95,70.47,69.78,69.93,69.12,116028400
2019-12-19,69.88,70.29,69.74,70.0,69.18,98369200
2019-12-20,70.56,70.66,69.64,69.86,69.04,275978000
2019-12-23,70.13,71.06,70.09,71.0,70.17,98572000
2019-12-24,71.17,71.22,70.73,71.07,70.23,48478800
2019-12-26,71.21,72.5,71.18,72.48,71.63,93121200
2019-12-27,72.78,73.49,72.03,72.45,71.6,146266000
2019-12-30,72.36,73.17,71.31,72.88,72.03,144114400
2019-12-31,72.48,73.42,72.38,73.41,72.55,100805600
2020-01-02,74.06,75.15,73.8,75.09,74.21,135480400
2020-01-03,74.29,75.14,74.12,74.36,73.49,146322800
2020-01-06,73.45,74.99,73.19,74.95,74.07,118387200
2020-01-07,74.96,75.22,74.37,74.6,73.72,108872000
2020-01-08,74.29,76.11,74.29,75.8,74.91,132079200
2020-01-09,76.81,77.61,76.55,77.41,76.5,170108400
2020-01-10,77.65,78.17,77.06,77.58,76.67,140644800
2020-01-13,77.91,79.27,77.79,79.24,78.31,121532000
2020-01-14,79.18,79.39,78.04,78.17,77.25,161954400
2020-01-15,77.96,78.88,77.39,77.83,76.92,121923600
2020-01-16,78.4,78.93,78.02,78.81,77.89,108829200
2020-01-17,79.07,79.68,78.75,79.68,78.75,137816400
2020-01-21,79.3,79.75,79.0,79.14,78.21,110843200
2020-01-22,79.64,80.0,79.33,79.43,78.49,101832400
2020-01-23,79.48,79.89,78.91,79.81,78.87,104472000
2020-01-24,80.06,80.83,79.38,79.58,78.64,146537600
2020-01-27,77.51,77.94,76.22,77.24,76.33,161940000
2020-01-28,78.15,79.6,78.05,79.42,78.49,162234000
2020-01-29,81.11,81.96,80.35,81.08,80.13,216229200
2020-01-30,80.14,81.02,79.69,80.97,80.02,126743200
2020-01-31,80.23,80.67,77.07,77.38,76.47,199588400
2020-02-03,76.07,78.37,75.56,77.17,76.26,173788400
2020-02-04,78.83,79.91,78.41,79.71,78.78,136616400
2020-02-05,80.88,81.19,79.74,80.36,79.42,118826800
2020-02-06,80.64,81.31,80.07,81.3,80.35,105425600
2020-02-07,80.59,80.85,79.5,80.01,79.26,117684000
2020-02-10,78.54,80.39,78.46,80.39,79.63,109348800
2020-02-11,80.9,80.97,79.68,79.9,79.15,94323200
2020-02-12,80.37,81.81,80.37,81.8,81.03,113730400
2020-02-13,81.05,81.56,80.84,81.22,80.46,94747600
2020-02-14,81.18,81.5,80.71,81.24,80.48,80113600
2020-02-18,78.84,79.94,78.65,79.75,79.0,152531200
2020-02-19,80.0,81.14,80.0,80.9,80.15,93984000
2020-02-20,80.66,81.16,79.55,80.07,79.32,100566000
2020-02-21,79.65,80.11,77.62,78.26,77.53,129554000
2020-02-24,74.32,76.04,72.31,74.54,73.85,222195200
2020-02-25,75.24,75.63,71.53,72.02,71.34,230673600
2020-02-26,71.63,74.47,71.62,73.16,72.48,198054800
2020-02-27,70.28,71.5,68.24,68.38,67.74,320605600
2020-02-28,64.32,69.6,64.09,68.34,67.7,426510000
2020-03-02,70.57,75.36,69.43,74.7,74.0,341397200
2020-03-03,75.92,76.0,71.45,72.33,71.65,319475600
2020-03-04,74.11,75.85,73.28,75.68,74.98,219178400
2020-03-05,73.88,74.89,72.85,73.23,72.54,187572800
2020-03-06,70.5,72.71,70.31,72.26,71.58,226176800
2020-03-09,65.94,69.52,65.75,66.54,65.92,286744800
2020-03-10,69.29,71.61,67.34,71.33,70.67,285290000
2020-03-11,69.35,70.31,67.96,68.86,68.21,255598800
2020-03-12,63.99,67.5,62.0,62.06,61.48,418474000
2020-03-13,66.22,69.98,63.24,69.49,68.84,370732000
2020-03-16,60.49,64.77,60.0,60.55,59.98,322423600
2020-03-17,61.88,64.4,59.6,63.22,62.62,324056000
2020-03-18,59.94,62.5,59.28,61.67,61.09,300233600
2020-03-19,61.85,63.21,60.65,61.19,60.62,271857200
2020-03-20,61.79,62.96,57.0,57.31,56.77,401693200
2020-03-23,57.02,57.12,53.15,56.09,55.57,336752800
2020-03-24,59.09,61.92,58.58,61.72,61.14,287531200
2020-03-25,62.69,64.56,61.08,61.38,60.8,303602000
2020-03-26,61.63,64.67,61.59,64.61,64.0,252087200
2020-03-27,63.19,63.97,61.76,61.94,61.35,204216800
2020-03-30,62.69,63.88,62.35,63.7,63.11,167976400
2020-03-31,63.9,65.62,63.0,63.57,62.98,197002000
2020-04-01,61.62,62.18,59.78,60.23,59.66,176218400
2020-04-02,60.08,61.29,59.22,61.23,60.66,165934000
2020-04-03,60.7,61.42,59.74,60.35,59.79,129880000
2020-04-06,62.72,65.78,62.35,65.62,65.0,201820400
2020-04-07,67.7,67.93,64.75,64.86,64.25,202887200
2020-04-08,65.68,66.84,65.31,66.52,65.89,168895200
2020-04-09,67.18,67.52,66.18,67.0,66.37,161834800
2020-04-13,67.08,68.43,66.46,68.31,67.67,131022800
2020-04-14,70.0,72.06,69.51,71.76,71.09,194994800
2020-04-15,70.6,71.58,70.16,71.11,70.44,131154400
2020-04-16,71.85,72.05,70.59,71.67,71.0,157125200
2020-04-17,71.17,71.74,69.21,70.7,70.04,215250000
2020-04-20,69.49,70.42,69.21,69.23,68.58,130015200
2020-04-21,69.07,69.31,66.36,67.09,66.46,180991600
2020-04-22,68.4,69.47,68.05,69.03,68.38,116862400
2020-04-23,68.97,70.44,68.72,68.76,68.11,124814400
2020-04-24,69.3,70.75,69.25,70.74,70.08,126161200
2020-04-27,70.45,71.14,69.99,70.79,70.13,117087600
2020-04-28,71.27,71.46,69.55,69.64,68.99,112004800
2020-04-29,71.18,72.42,70.97,71.93,71.26,137280800
2020-04-30,72.49,73.63,72.09,73.45,72.76,183064000
2020-05-01,71.56,74.75,71.46,72.27,71.59,240616800
2020-05-04,72.29,73.42,71.58,73.29,72.6,133568000
2020-05-05,73.76,75.25,73.61,74.39,73.69,147751200
2020-05-06,75.11,75.81,74.72,75.16,74.45,142333600
2020-05-07,75.81,76.29,75.49,75.93,75.22,115215200
2020-05-08,76.41,77.59,76.07,77.53,77.01,133838400
2020-05-11,77.03,79.26,76.81,78.75,78.23,145946400
2020-05-12,79.46,79.92,77.73,77.85,77.33,162301200
2020-05-13,78.04,78.99,75.8,76.91,76.4,200622400
2020-05-14,76.13,77.45,75.38,77.39,76.87,158929200
2020-05-15,75.09,76.97,75.05,76.93,76.41,166348400
2020-05-18,78.29,79.12,77.58,78.74,78.21,135178400
2020-05-19,78.76,79.63,78.25,78.29,77.76,101729600
2020-05-20,79.17,79.88,79.13,79.81,79.27,111504800
2020-05-21,79.67,80.22,78.97,79.21,78.68,102688800
2020-05-22,78.94,79.81,78.84,79.72,79.19,81803200
2020-05-26,80.88,81.06,79.12,79.18,78.65,125522000
2020-05-27,79.04,79.68,78.27,79.53,79.0,112945200
2020-05-28,79.19,80.86,78.91,79.56,79.03,133560800
2020-05-29,79.81,80.29,79.12,79.49,78.95,153532400
2020-06-01,79.44,80.59,79.3,80.46,79.92,80791200
2020-06-02,80.19,80.86,79.73,80.83,80.29,87642800
2020-06-03,81.17,81.55,80.57,81.28,80.74,104491200
2020-06-04,81.1,81.4,80.19,80.58,80.04,87560400
2020-06-05,80.84,82.94,80.81,82.88,82.32,137250400
2020-06-08,82.56,83.4,81.83,83.36,82.81,95654400
2020-06-09,83.04,86.4,83.0,86.0,85.42,147712400
2020-06-10,86.97,88.69,86.52,88.21,87.62,166651600
2020-06-11,87.33,87.76,83.87,83.97,83.41,201662400
2020-06-12,86.18,86.95,83.56,84.7,84.13,200146000
2020-06-15,83.31,86.42,83.14,85.75,85.17,138808800
2020-06-16,87.86,88.3,86.18,88.02,87.43,165428800
2020-06-17,88.79,88.85,87.77,87.9,87.31,114406400
2020-06-18,87.85,88.36,87.31,87.93,87.34,96820400
2020-06-19,88.66,89.14,86.29,87.43,86.84,264476000
2020-06-22,87.83,89.86,87.79,89.72,89.12,135445200
2020-06-23,91.0,93.1,90.57,91.63,91.02,212155600
2020-06-24,91.25,92.2,89.63,90.01,89.41,192623200
2020-06-25,90.18,91.25,89.39,91.21,90.6,137522400
2020-06-26,91.1,91.33,88.25,88.41,87.82,205256800
2020-06-29,88.31,90.54,87.82,90.44,89.84,130646000
2020-06-30,90.02,91.5,90.0,91.2,90.59,140223200
2020-07-01,91.28,91.84,90.98,91.03,90.42,110737200
2020-07-02,91.96,92.62,90.91,91.03,90.42,114041600
2020-07-06,92.5,93.94,92.47,93.46,92.84,118655600
2020-07-07,93.85,94.65,93.06,93.17,92.55,112424400
2020-07-08,94.18,95.38,94.09,95.34,94.7,117092000
2020-07-09,96.26,96.32,94.67,95.75,95.11,125642800
2020-07-10,95.33,95.98,94.71,95.92,95.28,90257200
2020-07-13,97.26,99.96,95.26,95.48,94.84,191649200
2020-07-14,94.84,97.25,93.88,97.06,96.41,170989200
2020-07-15,98.99,99.25,96.49,97.72,97.07,153198000
2020-07-16,96.56,97.4,95.9,96.52,95.88,110577600
2020-07-17,96.99,97.15,95.84,96.33,95.68,92186800
2020-07-20,96.42,98.5,96.06,98.36,97.7,90318000
2020-07-21,99.17,99.25,96.74,97.0,96.35,103433200
2020-07-22,96.69,97.97,96.6,97.27,96.62,89001600
2020-07-23,97.0,97.08,92.01,92.85,92.22,197004400
2020-07-24,90.99,92.97,89.14,92.61,92.0,185438800
2020-07-27,93.71,94.9,93.48,94.81,94.18,121214000
2020-07-28,94.37,94.55,93.25,93.25,92.63,103625600
2020-07-29,93.75,95.23,93.71,95.04,94.4,90329200
2020-07-30,94.19,96.3,93.77,96.19,95.55,158130000
2020-07-31,102.89,106.42,100.82,106.26,105.55,374336800
2020-08-03,108.2,111.64,107.89,108.94,108.21,308151200
2020-08-04,109.13,110.79,108.39,109.67,108.93,173071600
2020-08-05,109.38,110.39,108.9,110.06,109.33,121776800
2020-08-06,110.4,114.41,109.8,113.9,113.14,202428800
2020-08-07,113.21,113.68,110.29,111.11,110.57,198045600
2020-08-10,112.6,113.78,110.0,112.73,112.17,212403600
2020-08-11,111.97,112.48,109.11,109.38,108.84,187902400
2020-08-12,110.5,113.28,110.3,113.01,112.46,165598000
2020-08-13,114.43,116.04,113.93,115.01,114.45,210082000
2020-08-14,114.83,115.0,113.04,114.91,114.34,165565200
2020-08-17,116.06,116.09,113.96,114.61,114.05,119561600
2020-08-18,114.35,116.0,114.01,115.56,115.0,105633600
2020-08-19,115.98,117.16,115.61,115.71,115.14,145538000
2020-08-20,115.75,118.39,115.73,118.28,117.7,126907200
2020-08-21,119.26,124.87,119.25,124.37,123.76,338054800
2020-08-24,128.7,128.79,123.94,125.86,125.24,345937600
2020-08-25,124.7,125.18,123.05,124.82,124.21,211495600
2020-08-26,126.18,126.99,125.08,126.52,125.9,163022400
2020-08-27,127.14,127.49,123.83,125.01,124.4,155552400
2020-08-28,126.01,126.44,124.58,124.81,124.2,187630000
2020-08-31,127.58,131.0,126.0,129.04,128.41,225702700
2020-09-01,132.76,134.8,130.53,134.18,133.52,151948100
2020-09-02,137.59,137.98,127.0,131.4,130.76,200119000
2020-09-03,126.91,128.84,120.5,120.88,120.29,257599600
2020-09-04,120.07,123.7,110.89,120.96,120.37,332607200
2020-09-08,113.95,118.99,112.68,112.82,112.27,231366600
2020-09-09,117.26,119.14,115.26,117.32,116.74,176940500
2020-09-10,120.36,120.5,112.5,113.49,112.93,182274400
2020-09-11,114.57,115.23,110.0,112.0,111.45,180860300
2020-09-14,114.72,115.93,112.8,115.36,114.79,140150100
2020-09-15,118.33,118.83,113.61,115.54,114.97,184642000
2020-09-16,115.23,116.0,112.04,112.13,111.58,154679000
2020-09-17,109.72,112.2,108.71,110.34,109.8,178011000
2020-09-18,110.4,110.88,106.09,106.84,106.32,287104900
2020-09-21,104.54,110.19,103.1,110.08,109.54,195713800
2020-09-22,112.68,112.86,109.16,111.81,111.26,183055400
2020-09-23,111.62,112.11,106.77,107.12,106.59,150718700
2020-09-24,105.17,110.25,105.0,108.22,107.69,167743300
2020-09-25,108.43,112.44,107.67,112.28,111.73,149981400
2020-09-28,115.01,115.32,112.78,114.96,114.4,137672400
2020-09-29,114.55,115.31,113.57,114.09,113.53,99382200
2020-09-30,113.79,117.26,113.62,115.81,115.24,142675200
2020-10-01,117.64,117.72,115.83,116.79,116.22,116120400
2020-10-02,112.89,115.37,112.22,113.02,112.47,144712000
2020-10-05,113.91,116.65,113.55,116.5,115.93,106243800
2020-10-06,115.7,116.12,112.25,113.16,112.61,161498200
2020-10-07,114.62,115.55,114.13,115.08,114.52,96849000
2020-10-08,116.25,116.4,114.59,114.97,114.41,83477200
2020-10-09,115.28,117.0,114.92,116.97,116.4,100506900
2020-10-12,120.06,125.18,119.28,124.4,123.79,240226800
2020-10-13,125.27,125.39,119.65,121.1,120.51,262330500
2020-10-14,121.0,123.03,119.62,121.19,120.6,150712000
2020-10-15,118.72,121.2,118.15,120.71,120.12,112559200
2020-10-16,121.28,121.55,118.81,119.02,118.44,115393800
2020-10-19,119.96,120.42,115.66,115.98,115.41,120639300
2020-10-20,116.2,118.98,115.63,117.51,116.93,124423700
2020-10-21,116.67,118.71,116.45,116.87,116.3,89946000
2020-10-22,117.45,118.04,114.59,115.75,115.18,101988000
2020-10-23,116.39,116.55,114.28,115.04,114.48,82572600
2020-10-26,114.01,116.55,112.88,115.05,114.49,111850700
2020-10-27,115.49,117.28,114.54,116.6,116.03,92276800
2020-10-28,115.05,115.43,111.1,111.2,110.65,143937800
2020-10-29,112.37,116.93,112.2,115.32,114.75,146129200
2020-10-30,111.06,111.99,107.72,108.86,108.33,190272600
2020-11-02,109.11,110.68,107.32,108.77,108.24,122866900
2020-11-03,109.66,111.49,108.73,110.44,109.9,107624400
2020-11-04,114.14,115.59,112.35,114.95,114.39,138235500
2020-11-05,117.95,119.62,116.87,119.03,118.45,126387100
2020-11-06,118.32,119.2,116.13,118.69,118.31,114457900
2020-11-09,120.5,121.99,116.05,116.32,115.95,154515300
2020-11-10,115.55,117.59,114.13,115.97,115.6,138023400
2020-11-11,117.19,119.63,116.44,119.49,119.11,112295000
2020-11-12,119.62,120.53,118.57,119.21,118.83,103162300
2020-11-13,119.44,119.67,117.87,119.26,118.88,81581900
2020-11-16,118.92,120.99,118.15,120.3,119.92,91183000
2020-11-17,119.55,120.67,118.96,119.39,119.01,74271000
2020-11-18,118.61,119.82,118.0,118.03,117.65,76322100
2020-11-19,117.59,119.06,116.81,118.64,118.26,74113000
2020-11-20,118.64,118.77,117.29,117.34,116.97,73604300
2020-11-23,117.18,117.62,113.75,113.85,113.49,127959300
2020-11-24,113.91,115.85,112.59,115.17,114.8,113874200
2020-11-25,115.55,116.75,115.17,116.03,115.66,76499200
2020-11-27,116.57,117.49,116.22,116.59,116.22,46691300
2020-11-30,116.97,120.97,116.81,119.05,118.67,169410200
2020-12-01,121.01,123.47,120.01,122.72,122.33,127728200
2020-12-02,122.02,123.37,120.89,123.08,122.69,89004200
2020-12-03,123.52,123.78,122.21,122.94,122.55,78967600
2020-12-04,122.6,122.86,121.52,122.25,121.86,78260400
2020-12-07,122.31,124.57,122.25,123.75,123.36,86712000
2020-12-08,124.37,124.98,123.09,124.38,123.98,82225500
2020-12-09,124.53,125.95,121.0,121.78,121.39,115089200
2020-12-10,120.5,123.87,120.15,123.24,122.85,81312200
2020-12-11,122.43,122.76,120.55,122.41,122.02,86939800
2020-12-14,122.6,123.35,121.54,121.78,121.39,79184500
2020-12-15,124.34,127.9,124.13,127.88,127.47,157243700
2020-12-16,127.41,128.37,126.56,127.81,127.4,98208600
2020-12-17,128.9,129.58,128.04,128.7,128.29,94359800
2020-12-18,128.96,129.1,126.12,126.66,126.26,192541500
2020-12-21,125.02,128.31,123.45,128.23,127.82,121251600
2020-12-22,131.61,134.41,129.65,131.88,131.46,168904800
2020-12-23,132.16,132.43,130.78,130.96,130.54,88223700
2020-12-24,131.32,133.46,131.1,131.97,131.55,54930100
2020-12-28,133.99,137.34,133.51,136.69,136.25,124486200
2020-12-29,138.05,138.79,134.34,134.87,134.44,121047300
2020-12-30,135.58,135.99,133.4,133.72,133.29,96452100
2020-12-31,134.08,134.74,131.72,132.69,132.27,99116600
2021-01-04,133.52,133.61,126.76,129.41,129.0,143301900
2021-01-05,128.89,131.74,128.43,131.01,130.59,97664900
2021-01-06,127.72,131.05,126.38,126.6,126.2,155088000
2021-01-07,128.36,131.63,127.86,130.92,130.5,109578200
2021-01-08,132.43,132.63,130.23,132.05,131.63,105158200
2021-01-11,129.19,130.17,128.5,128.98,128.57,100384500
2021-01-12,128.5,129.69,126.86,128.8,128.39,91951100
2021-01-13,128.76,131.45,128.49,130.89,130.47,88636800
2021-01-14,130.8,131.0,128.76,128.91,128.5,90221800
2021-01-15,128.78,130.22,127.0,127.14,126.74,111598500
2021-01-19,127.78,128.71,126.94,127.83,127.42,90757300
2021-01-20,128.66,132.49,128.55,132.03,131.61,104319500
2021-01-21,133.8,139.67,133.59,136.87,136.43,120150900
2021-01-22,136.28,139.85,135.02,139.07,138.63,114459400
2021-01-25,143.07,145.09,136.54,142.92,142.46,157611700
2021-01-26,143.6,144.3,141.37,143.16,142.7,98390600
2021-01-27,143.43,144.3,140.41,142.06,141.61,140843800
2021-01-28,139.52,141.99,136.7,137.09,136.65,142621100
2021-01-29,135.83,136.74,130.21,131.96,131.54,177523800
