Date,Open,High,Low,Close,Adj Close,Volume
2015-12-31,17425.0,17425.0,17425.0,17425.0,17425.0,56150384
2016-01-04,17148.9,17148.9,17148.9,17148.9,17148.9,101064033
2016-01-05,17158.7,17158.7,17158.7,17158.7,17158.7,81431354
2016-01-06,16906.5,16906.5,16906.5,16906.5,16906.5,90438059
2016-01-07,16514.1,16514.1,16514.1,16514.1,16514.1,121717423
2016-01-08,16346.5,16346.5,16346.5,16346.5,16346.5,103150551
2016-01-11,16398.6,16398.6,16398.6,16398.6,16398.6,96711652
2016-01-12,16516.2,16516.2,16516.2,16516.2,16516.2,89426126
2016-01-13,16151.4,16151.4,16151.4,16151.4,16151.4,116693601
2016-01-14,16379.0,16379.0,16379.0,16379.0,16379.0,116153481
2016-01-15,15988.1,15988.1,15988.1,15988.1,15988.1,178696637
2016-01-19,16016.0,16016.0,16016.0,16016.0,16016.0,103686172
2016-01-20,15766.7,15766.7,15766.7,15766.7,15766.7,159495079
2016-01-21,15882.7,15882.7,15882.7,15882.7,15882.7,116071234
2016-01-22,16093.5,16093.5,16093.5,16093.5,16093.5,112962088
2016-01-25,15885.2,15885.2,15885.2,15885.2,15885.2,93101083
2016-01-26,16167.2,16167.2,16167.2,16167.2,16167.2,89362808
2016-01-27,15944.5,15944.5,15944.5,15944.5,15944.5,110643049
2016-01-28,16069.6,16069.6,16069.6,16069.6,16069.6,105662950
2016-01-29,16466.3,16466.3,16466.3,16466.3,16466.3,117683418
2016-02-01,16449.2,16449.2,16449.2,16449.2,16449.2,87362516
2016-02-02,16153.5,16153.5,16153.5,16153.5,16153.5,96872615
2016-02-03,16336.7,16336.7,16336.7,16336.7,16336.7,114185045
2016-02-04,16416.6,16416.6,16416.6,16416.6,16416.6,105639411
2016-02-05,16205.0,16205.0,16205.0,16205.0,16205.0,111962323
2016-02-08,16027.0,16027.0,16027.0,16027.0,16027.0,126708779
2016-02-09,16014.4,16014.4,16014.4,16014.4,16014.4,106210073
2016-02-10,15914.7,15914.7,15914.7,15914.7,15914.7,98109336
2016-02-11,15660.2,15660.2,15660.2,15660.2,15660.2,138960241
2016-02-12,15973.8,15973.8,15973.8,15973.8,15973.8,96149861
2016-02-16,16196.4,16196.4,16196.4,16196.4,16196.4,88560514
2016-02-17,16453.8,16453.8,16453.8,16453.8,16453.8,88554138
2016-02-18,16413.4,16413.4,16413.4,16413.4,16413.4,80910797
2016-02-19,16392.0,16392.0,16392.0,16392.0,16392.0,97093712
2016-02-22,16620.7,16620.7,16620.7,16620.7,16620.7,72863826
2016-02-23,16431.8,16431.8,16431.8,16431.8,16431.8,72908721
2016-02-24,16485.0,16485.0,16485.0,16485.0,16485.0,76512268
2016-02-25,16697.3,16697.3,16697.3,16697.3,16697.3,73057909
2016-02-26,16640.0,16640.0,16640.0,16640.0,16640.0,74554309
2016-02-29,16516.5,16516.5,16516.5,16516.5,16516.5,68455746
2016-03-01,16865.1,16865.1,16865.1,16865.1,16865.1,78681920
2016-03-02,16899.3,16899.3,16899.3,16899.3,16899.3,81904510
2016-03-03,16943.9,16943.9,16943.9,16943.9,16943.9,71329705
2016-03-04,17006.8,17006.8,17006.8,17006.8,17006.8,76924711
2016-03-07,17073.9,17073.9,17073.9,17073.9,17073.9,74924570
2016-03-08,16964.1,16964.1,16964.1,16964.1,16964.1,75117007
2016-03-09,17000.4,17000.4,17000.4,17000.4,17000.4,74322425
2016-03-10,16995.1,16995.1,16995.1,16995.1,16995.1,92466770
2016-03-11,17213.3,17213.3,17213.3,17213.3,17213.3,70986580
2016-03-14,17229.1,17229.1,17229.1,17229.1,17229.1,55773108
2016-03-15,17251.5,17251.5,17251.5,17251.5,17251.5,62892518
2016-03-16,17325.8,17325.8,17325.8,17325.8,17325.8,80408000
2016-03-17,17481.5,17481.5,17481.5,17481.5,17481.5,80436741
2016-03-18,17602.3,17602.3,17602.3,17602.3,17602.3,182134884
2016-03-21,17623.9,17623.9,17623.9,17623.9,17623.9,62862084
2016-03-22,17582.6,17582.6,17582.6,17582.6,17582.6,70794148
2016-03-23,17502.6,17502.6,17502.6,17502.6,17502.6,61765119
2016-03-24,17515.7,17515.7,17515.7,17515.7,17515.7,53838966
2016-03-28,17535.4,17535.4,17535.4,17535.4,17535.4,45205973
2016-03-29,17633.1,17633.1,17633.1,17633.1,17633.1,59809505
2016-03-30,17716.7,17716.7,17716.7,17716.7,17716.7,59699774
2016-03-31,17685.1,17685.1,17685.1,17685.1,17685.1,63624256
2016-04-01,17792.8,17792.8,17792.8,17792.8,17792.8,65976167
2016-04-04,17737.0,17737.0,17737.0,17737.0,17737.0,60687346
2016-04-05,17603.3,17603.3,17603.3,17603.3,17603.3,94777023
2016-04-06,17716.1,17716.1,17716.1,17716.1,17716.1,77907275
2016-04-07,17542.0,17542.0,17542.0,17542.0,17542.0,69251241
2016-04-08,17577.0,17577.0,17577.0,17577.0,17577.0,59454414
2016-04-11,17556.4,17556.4,17556.4,17556.4,17556.4,63484756
2016-04-12,17721.2,17721.2,17721.2,17721.2,17721.2,64312308
2016-04-13,17908.3,17908.3,17908.3,17908.3,17908.3,68886283
2016-04-14,17926.4,17926.4,17926.4,17926.4,17926.4,58493351
2016-04-15,17897.5,17897.5,17897.5,17897.5,17897.5,88053281
2016-04-18,18004.2,18004.2,18004.2,18004.2,18004.2,58376640
2016-04-19,18053.6,18053.6,18053.6,18053.6,18053.6,67167081
2016-04-20,18096.3,18096.3,18096.3,18096.3,18096.3,83747016
2016-04-21,17982.5,17982.5,17982.5,17982.5,17982.5,83456122
2016-04-22,18003.8,18003.8,18003.8,18003.8,18003.8,95677406
2016-04-25,17977.2,17977.2,17977.2,17977.2,17977.2,60276376
2016-04-26,17990.3,17990.3,17990.3,17990.3,17990.3,60977624
2016-04-27,18041.6,18041.6,18041.6,18041.6,18041.6,81952966
2016-04-28,17830.8,17830.8,17830.8,17830.8,17830.8,79097820
2016-04-29,17773.6,17773.6,17773.6,17773.6,17773.6,89223086
2016-05-02,17891.2,17891.2,17891.2,17891.2,17891.2,62404852
2016-05-03,17750.9,17750.9,17750.9,17750.9,17750.9,75735754
2016-05-04,17651.3,17651.3,17651.3,17651.3,17651.3,68982322
2016-05-05,17660.7,17660.7,17660.7,17660.7,17660.7,60850898
2016-05-06,17740.6,17740.6,17740.6,17740.6,17740.6,61601820
2016-05-09,17705.9,17705.9,17705.9,17705.9,17705.9,56379580
2016-05-10,17928.3,17928.3,17928.3,17928.3,17928.3,56876855
2016-05-11,17711.1,17711.1,17711.1,17711.1,17711.1,63728350
2016-05-12,17720.5,17720.5,17720.5,17720.5,17720.5,69623305
2016-05-13,17535.3,17535.3,17535.3,17535.3,17535.3,63759530
2016-05-16,17710.7,17710.7,17710.7,17710.7,17710.7,58744821
2016-05-17,17530.0,17530.0,17530.0,17530.0,17530.0,70668447
2016-05-18,17526.6,17526.6,17526.6,17526.6,17526.6,56564258
2016-05-19,17435.4,17435.4,17435.4,17435.4,17435.4,76332360
2016-05-20,17500.9,17500.9,17500.9,17500.9,17500.9,83191017
2016-05-23,17492.9,17492.9,17492.9,17492.9,17492.9,60013105
2016-05-24,17706.1,17706.1,17706.1,17706.1,17706.1,59697281
2016-05-25,17851.5,17851.5,17851.5,17851.5,17851.5,59715758
2016-05-26,17828.3,17828.3,17828.3,17828.3,17828.3,49217832
2016-05-27,17873.2,17873.2,17873.2,17873.2,17873.2,45335761
2016-05-31,17787.2,17787.2,17787.2,17787.2,17787.2,62297227
2016-06-01,17789.7,17789.7,17789.7,17789.7,17789.7,57822492
2016-06-02,17838.6,17838.6,17838.6,17838.6,17838.6,52685050
2016-06-03,17807.1,17807.1,17807.1,17807.1,17807.1,59861275
2016-06-06,17920.3,17920.3,17920.3,17920.3,17920.3,50630360
2016-06-07,17938.3,17938.3,17938.3,17938.3,17938.3,52451829
2016-06-08,18005.1,18005.1,18005.1,18005.1,18005.1,48261248
2016-06-09,17985.2,17985.2,17985.2,17985.2,17985.2,51513377
2016-06-10,17865.3,17865.3,17865.3,17865.3,17865.3,64893434
2016-06-13,17732.5,17732.5,17732.5,17732.5,17732.5,74153378
2016-06-14,17674.8,17674.8,17674.8,17674.8,17674.8,70601485
2016-06-15,17640.2,17640.2,17640.2,17640.2,17640.2,66257726
2016-06-16,17733.1,17733.1,17733.1,17733.1,17733.1,72028198
2016-06-17,17675.2,17675.2,17675.2,17675.2,17675.2,141080083
2016-06-20,17804.9,17804.9,17804.9,17804.9,17804.9,62160409
2016-06-21,17829.7,17829.7,17829.7,17829.7,17829.7,54683892
2016-06-22,17780.8,17780.8,17780.8,17780.8,17780.8,58875383
2016-06-23,18011.1,18011.1,18011.1,18011.1,18011.1,59322785
2016-06-24,17400.8,17400.8,17400.8,17400.8,17400.8,131312813
2016-06-27,17140.2,17140.2,17140.2,17140.2,17140.2,100739854
2016-06-28,17409.7,17409.7,17409.7,17409.7,17409.7,82244394
2016-06-29,17694.7,17694.7,17694.7,17694.7,17694.7,74941570
2016-06-30,17930.0,17930.0,17930.0,17930.0,17930.0,76617175
2016-07-01,17949.4,17949.4,17949.4,17949.4,17949.4,60405721
2016-07-05,17840.6,17840.6,17840.6,17840.6,17840.6,67478388
2016-07-06,17918.6,17918.6,17918.6,17918.6,17918.6,70086715
2016-07-07,17895.9,17895.9,17895.9,17895.9,17895.9,60257444
2016-07-08,18146.7,18146.7,18146.7,18146.7,18146.7,64986761
2016-07-11,18226.9,18226.9,18226.9,18226.9,18226.9,58309451
2016-07-12,18347.7,18347.7,18347.7,18347.7,18347.7,67057652
2016-07-13,18372.1,18372.1,18372.1,18372.1,18372.1,56702227
2016-07-14,18506.4,18506.4,18506.4,18506.4,18506.4,67012984
2016-07-15,18516.6,18516.6,18516.6,18516.6,18516.6,84370489
2016-07-18,18533.1,18533.1,18533.1,18533.1,18533.1,48768185
2016-07-19,18559.0,18559.0,18559.0,18559.0,18559.0,54029978
2016-07-20,18595.0,18595.0,18595.0,18595.0,18595.0,75471603
2016-07-21,18517.2,18517.2,18517.2,18517.2,18517.2,66464840
2016-07-22,18570.8,18570.8,18570.8,18570.8,18570.8,61557727
2016-07-25,18493.1,18493.1,18493.1,18493.1,18493.1,60160025
2016-07-26,18473.8,18473.8,18473.8,18473.8,18473.8,70540659
2016-07-27,18472.2,18472.2,18472.2,18472.2,18472.2,85113119
2016-07-28,18456.3,18456.3,18456.3,18456.3,18456.3,57497414
2016-07-29,18432.2,18432.2,18432.2,18432.2,18432.2,59057211
2016-08-01,18404.5,18404.5,18404.5,18404.5,18404.5,60712150
2016-08-02,18313.8,18313.8,18313.8,18313.8,18313.8,69225314
2016-08-03,18355.0,18355.0,18355.0,18355.0,18355.0,53275083
2016-08-04,18352.1,18352.1,18352.1,18352.1,18352.1,45507119
2016-08-05,18543.5,18543.5,18543.5,18543.5,18543.5,60403750
2016-08-08,18529.3,18529.3,18529.3,18529.3,18529.3,47272708
2016-08-09,18533.1,18533.1,18533.1,18533.1,18533.1,42905038
2016-08-10,18495.7,18495.7,18495.7,18495.7,18495.7,48830697
2016-08-11,18613.5,18613.5,18613.5,18613.5,18613.5,44297095
2016-08-12,18576.5,18576.5,18576.5,18576.5,18576.5,44015571
2016-08-15,18636.1,18636.1,18636.1,18636.1,18636.1,41496220
2016-08-16,18552.0,18552.0,18552.0,18552.0,18552.0,47136582
2016-08-17,18573.9,18573.9,18573.9,18573.9,18573.9,54404135
2016-08-18,18597.7,18597.7,18597.7,18597.7,18597.7,49317859
2016-08-19,18552.6,18552.6,18552.6,18552.6,18552.6,66671828
2016-08-22,18529.4,18529.4,18529.4,18529.4,18529.4,47984471
2016-08-23,18547.3,18547.3,18547.3,18547.3,18547.3,48290808
2016-08-24,18481.5,18481.5,18481.5,18481.5,18481.5,51424731
2016-08-25,18448.4,18448.4,18448.4,18448.4,18448.4,46638437
2016-08-26,18395.4,18395.4,18395.4,18395.4,18395.4,57764125
2016-08-29,18503.0,18503.0,18503.0,18503.0,18503.0,42371785
2016-08-30,18454.3,18454.3,18454.3,18454.3,18454.3,44182881
2016-08-31,18400.9,18400.9,18400.9,18400.9,18400.9,48446329
2016-09-01,18419.3,18419.3,18419.3,18419.3,18419.3,57561064
2016-09-02,18492.0,18492.0,18492.0,18492.0,18492.0,49345800
2016-09-06,18538.1,18538.1,18538.1,18538.1,18538.1,49752105
2016-09-07,18526.1,18526.1,18526.1,18526.1,18526.1,47458807
2016-09-08,18479.9,18479.9,18479.9,18479.9,18479.9,56109658
2016-09-09,18085.4,18085.4,18085.4,18085.4,18085.4,76434270
2016-09-12,18325.1,18325.1,18325.1,18325.1,18325.1,69890431
2016-09-13,18066.8,18066.8,18066.8,18066.8,18066.8,75942816
2016-09-14,18034.8,18034.8,18034.8,18034.8,18034.8,78078229
2016-09-15,18212.5,18212.5,18212.5,18212.5,18212.5,68375392
2016-09-16,18123.8,18123.8,18123.8,18123.8,18123.8,175593242
2016-09-19,18120.2,18120.2,18120.2,18120.2,18120.2,56428134
2016-09-20,18130.0,18130.0,18130.0,18130.0,18130.0,50698707
2016-09-21,18293.7,18293.7,18293.7,18293.7,18293.7,68690784
2016-09-22,18392.5,18392.5,18392.5,18392.5,18392.5,53368199
2016-09-23,18261.4,18261.4,18261.4,18261.4,18261.4,61012502
2016-09-26,18094.8,18094.8,18094.8,18094.8,18094.8,62321175
2016-09-27,18228.3,18228.3,18228.3,18228.3,18228.3,59430000
2016-09-28,18339.2,18339.2,18339.2,18339.2,18339.2,70364536
2016-09-29,18143.4,18143.4,18143.4,18143.4,18143.4,76236861
2016-09-30,18308.2,18308.2,18308.2,18308.2,18308.2,68644971
2016-10-03,18253.8,18253.8,18253.8,18253.8,18253.8,46132613
2016-10-04,18168.4,18168.4,18168.4,18168.4,18168.4,56835093
2016-10-05,18281.0,18281.0,18281.0,18281.0,18281.0,51963903
2016-10-06,18268.5,18268.5,18268.5,18268.5,18268.5,57482658
2016-10-07,18240.5,18240.5,18240.5,18240.5,18240.5,57251745
2016-10-10,18329.0,18329.0,18329.0,18329.0,18329.0,49552792
2016-10-11,18128.7,18128.7,18128.7,18128.7,18128.7,64761070
2016-10-12,18144.2,18144.2,18144.2,18144.2,18144.2,51566186
2016-10-13,18098.9,18098.9,18098.9,18098.9,18098.9,62672711
2016-10-14,18138.4,18138.4,18138.4,18138.4,18138.4,54627731
2016-10-17,18086.4,18086.4,18086.4,18086.4,18086.4,47105913
2016-10-18,18161.9,18161.9,18161.9,18161.9,18161.9,54343235
2016-10-19,18202.6,18202.6,18202.6,18202.6,18202.6,60900457
2016-10-20,18162.3,18162.3,18162.3,18162.3,18162.3,64746370
2016-10-21,18145.7,18145.7,18145.7,18145.7,18145.7,89907531
2016-10-24,18223.0,18223.0,18223.0,18223.0,18223.0,59978554
2016-10-25,18169.3,18169.3,18169.3,18169.3,18169.3,63576965
2016-10-26,18199.3,18199.3,18199.3,18199.3,18199.3,63922797
2016-10-27,18169.7,18169.7,18169.7,18169.7,18169.7,60026914
2016-10-28,18161.2,18161.2,18161.2,18161.2,18161.2,76423780
2016-10-31,18142.4,18142.4,18142.4,18142.4,18142.4,63206747
2016-11-01,18037.1,18037.1,18037.1,18037.1,18037.1,71141715
2016-11-02,17959.6,17959.6,17959.6,17959.6,17959.6,64991855
2016-11-03,17930.7,17930.7,17930.7,17930.7,17930.7,52929820
2016-11-04,17888.3,17888.3,17888.3,17888.3,17888.3,68622010
2016-11-07,18259.6,18259.6,18259.6,18259.6,18259.6,61407554
2016-11-08,18332.7,18332.7,18332.7,18332.7,18332.7,61942265
2016-11-09,18589.7,18589.7,18589.7,18589.7,18589.7,135512614
2016-11-10,18807.9,18807.9,18807.9,18807.9,18807.9,134364242
2016-11-11,18847.7,18847.7,18847.7,18847.7,18847.7,77429036
2016-11-14,18868.7,18868.7,18868.7,18868.7,18868.7,85187921
2016-11-15,18923.1,18923.1,18923.1,18923.1,18923.1,70807625
2016-11-16,18868.1,18868.1,18868.1,18868.1,18868.1,62721677
2016-11-17,18903.8,18903.8,18903.8,18903.8,18903.8,68428278
2016-11-18,18867.9,18867.9,18867.9,18867.9,18867.9,78239722
2016-11-21,18956.7,18956.7,18956.7,18956.7,18956.7,47579361
2016-11-22,19023.9,19023.9,19023.9,19023.9,19023.9,56515957
2016-11-23,19083.2,19083.2,19083.2,19083.2,19083.2,52480492
2016-11-25,19152.1,19152.1,19152.1,19152.1,19152.1,45889433
2016-11-28,19097.9,19097.9,19097.9,19097.9,19097.9,49896575
2016-11-29,19121.6,19121.6,19121.6,19121.6,19121.6,51073288
2016-11-30,19123.6,19123.6,19123.6,19123.6,19123.6,71989901
2016-12-01,19191.9,19191.9,19191.9,19191.9,19191.9,78170832
2016-12-02,19170.4,19170.4,19170.4,19170.4,19170.4,57064704
2016-12-05,19216.2,19216.2,19216.2,19216.2,19216.2,271695312
2016-12-06,19251.8,19251.8,19251.8,19251.8,19251.8,248839556
2016-12-07,19549.6,19549.6,19549.6,19549.6,19549.6,331444349
2016-12-08,19614.8,19614.8,19614.8,19614.8,19614.8,289508656
2016-12-09,19756.8,19756.8,19756.8,19756.8,19756.8,290519178
2016-12-12,19796.4,19796.4,19796.4,19796.4,19796.4,288913236
2016-12-13,19911.2,19911.2,19911.2,19911.2,19911.2,347106284
2016-12-14,19792.5,19792.5,19792.5,19792.5,19792.5,354438794
2016-12-15,19852.2,19852.2,19852.2,19852.2,19852.2,312167418
2016-12-16,19843.4,19843.4,19843.4,19843.4,19843.4,386476324
2016-12-19,19883.1,19883.1,19883.1,19883.1,19883.1,259355476
2016-12-20,19974.6,19974.6,19974.6,19974.6,19974.6,244800897
2016-12-21,19942.0,19942.0,19942.0,19942.0,19942.0,223186221
2016-12-22,19918.9,19918.9,19918.9,19918.9,19918.9,224768504
2016-12-23,19933.8,19933.8,19933.8,19933.8,19933.8,137561575
2016-12-27,19945.0,19945.0,19945.0,19945.0,19945.0,136324519
2016-12-28,19833.7,19833.7,19833.7,19833.7,19833.7,161743132
2016-12-29,19819.8,19819.8,19819.8,19819.8,19819.8,151358144
2016-12-30,19762.6,19762.6,19762.6,19762.6,19762.6,202196573
2017-01-03,19881.8,19881.8,19881.8,19881.8,19881.8,297992888
2017-01-04,19942.2,19942.2,19942.2,19942.2,19942.2,244610311
2017-01-05,19899.3,19899.3,19899.3,19899.3,19899.3,240753959
2017-01-06,19963.8,19963.8,19963.8,19963.8,19963.8,243282155
2017-01-09,19887.4,19887.4,19887.4,19887.4,19887.4,235220247
2017-01-10,19855.5,19855.5,19855.5,19855.5,19855.5,256758394
2017-01-11,19954.3,19954.3,19954.3,19954.3,19954.3,306914625
2017-01-12,19891.0,19891.0,19891.0,19891.0,19891.0,282092675
2017-01-13,19885.7,19885.7,19885.7,19885.7,19885.7,230069295
2017-01-17,19826.8,19826.8,19826.8,19826.8,19826.8,297170973
2017-01-18,19804.7,19804.7,19804.7,19804.7,19804.7,241706609
2017-01-19,19732.4,19732.4,19732.4,19732.4,19732.4,276238573
2017-01-20,19827.2,19827.2,19827.2,19827.2,19827.2,379787883
2017-01-23,19799.8,19799.8,19799.8,19799.8,19799.8,294230426
2017-01-24,19912.7,19912.7,19912.7,19912.7,19912.7,341747253
2017-01-25,20068.5,20068.5,20068.5,20068.5,20068.5,338249735
2017-01-26,20100.9,20100.9,20100.9,20100.9,20100.9,319679165
2017-01-27,20093.8,20093.8,20093.8,20093.8,20093.8,323886320
2017-01-30,19971.1,19971.1,19971.1,19971.1,19971.1,280908156
2017-01-31,19864.1,19864.1,19864.1,19864.1,19864.1,308591900
2017-02-01,19890.9,19890.9,19890.9,19890.9,19890.9,389864708
2017-02-02,19884.9,19884.9,19884.9,19884.9,19884.9,312643187
2017-02-03,20071.5,20071.5,20071.5,20071.5,20071.5,304495536
2017-02-06,20052.4,20052.4,20052.4,20052.4,20052.4,248466659
2017-02-07,20090.3,20090.3,20090.3,20090.3,20090.3,254506349
2017-02-08,20054.3,20054.3,20054.3,20054.3,20054.3,253031954
2017-02-09,20172.4,20172.4,20172.4,20172.4,20172.4,284395238
2017-02-10,20269.4,20269.4,20269.4,20269.4,20269.4,277305638
2017-02-13,20412.2,20412.2,20412.2,20412.2,20412.2,281140828
2017-02-14,20504.4,20504.4,20504.4,20504.4,20504.4,316608894
2017-02-15,20611.9,20611.9,20611.9,20611.9,20611.9,340722690
2017-02-16,20619.8,20619.8,20619.8,20619.8,20619.8,321136086
2017-02-17,20624.1,20624.1,20624.1,20624.1,20624.1,281171106
2017-02-21,20743.0,20743.0,20743.0,20743.0,20743.0,287959253
2017-02-22,20775.6,20775.6,20775.6,20775.6,20775.6,272051450
2017-02-23,20810.3,20810.3,20810.3,20810.3,20810.3,271545494
2017-02-24,20821.8,20821.8,20821.8,20821.8,20821.8,255684699
2017-02-27,20837.4,20837.4,20837.4,20837.4,20837.4,221669880
2017-02-28,20812.2,20812.2,20812.2,20812.2,20812.2,262897566
2017-03-01,21115.6,21115.6,21115.6,21115.6,21115.6,351957178
2017-03-02,21003.0,21003.0,21003.0,21003.0,21003.0,282049136
2017-03-03,21005.7,21005.7,21005.7,21005.7,21005.7,223560857
2017-03-06,20954.3,20954.3,20954.3,20954.3,20954.3,223541910
2017-03-07,20924.8,20924.8,20924.8,20924.8,20924.8,238370166
2017-03-08,20855.7,20855.7,20855.7,20855.7,20855.7,249732844
2017-03-09,20858.2,20858.2,20858.2,20858.2,20858.2,250853320
2017-03-10,20903.0,20903.0,20903.0,20903.0,20903.0,268707033
2017-03-13,20881.5,20881.5,20881.5,20881.5,20881.5,245708948
2017-03-14,20837.4,20837.4,20837.4,20837.4,20837.4,220657445
2017-03-15,20950.1,20950.1,20950.1,20950.1,20950.1,272392920
2017-03-16,20934.6,20934.6,20934.6,20934.6,20934.6,232717727
2017-03-17,20914.6,20914.6,20914.6,20914.6,20914.6,344445294
2017-03-20,20905.9,20905.9,20905.9,20905.9,20905.9,211366278
2017-03-21,20668.0,20668.0,20668.0,20668.0,20668.0,330942047
2017-03-22,20661.3,20661.3,20661.3,20661.3,20661.3,293923906
2017-03-23,20656.6,20656.6,20656.6,20656.6,20656.6,248630461
2017-03-24,20596.7,20596.7,20596.7,20596.7,20596.7,252694172
2017-03-27,20551.0,20551.0,20551.0,20551.0,20551.0,228916982
2017-03-28,20701.5,20701.5,20701.5,20701.5,20701.5,248641923
2017-03-29,20659.3,20659.3,20659.3,20659.3,20659.3,214596010
2017-03-30,20728.5,20728.5,20728.5,20728.5,20728.5,227691820
2017-03-31,20663.2,20663.2,20663.2,20663.2,20663.2,247557153
2017-04-03,20650.2,20650.2,20650.2,20650.2,20650.2,243458094
2017-04-04,20689.2,20689.2,20689.2,20689.2,20689.2,213502099
2017-04-05,20648.2,20648.2,20648.2,20648.2,20648.2,260885895
2017-04-06,20662.9,20662.9,20662.9,20662.9,20662.9,209655902
2017-04-07,20656.1,20656.1,20656.1,20656.1,20656.1,192054939
2017-04-10,20658.0,20658.0,20658.0,20658.0,20658.0,188345284
2017-04-11,20651.3,20651.3,20651.3,20651.3,20651.3,232341508
2017-04-12,20591.9,20591.9,20591.9,20591.9,20591.9,230664931
2017-04-13,20453.2,20453.2,20453.2,20453.2,20453.2,211869215
2017-04-17,20636.9,20636.9,20636.9,20636.9,20636.9,189703564
2017-04-18,20523.3,20523.3,20523.3,20523.3,20523.3,241474124
2017-04-19,20404.5,20404.5,20404.5,20404.5,20404.5,264330117
2017-04-20,20578.7,20578.7,20578.7,20578.7,20578.7,278246373
2017-04-21,20547.8,20547.8,20547.8,20547.8,20547.8,330925027
2017-04-24,20763.9,20763.9,20763.9,20763.9,20763.9,296454794
2017-04-25,20996.1,20996.1,20996.1,20996.1,20996.1,302460492
2017-04-26,20975.1,20975.1,20975.1,20975.1,20975.1,291580675
2017-04-27,20981.3,20981.3,20981.3,20981.3,20981.3,275395004
2017-04-28,20940.5,20940.5,20940.5,20940.5,20940.5,279343579
2017-05-01,20913.5,20913.5,20913.5,20913.5,20913.5,254997304
2017-05-02,20949.9,20949.9,20949.9,20949.9,20949.9,299470340
2017-05-03,20957.9,20957.9,20957.9,20957.9,20957.9,280675428
2017-05-04,20951.5,20951.5,20951.5,20951.5,20951.5,246264496
2017-05-05,21006.9,21006.9,21006.9,21006.9,21006.9,232501240
2017-05-08,21012.3,21012.3,21012.3,21012.3,21012.3,231128936
2017-05-09,20975.8,20975.8,20975.8,20975.8,20975.8,233240986
2017-05-10,20943.1,20943.1,20943.1,20943.1,20943.1,246950385
2017-05-11,20919.4,20919.4,20919.4,20919.4,20919.4,241836465
2017-05-12,20896.6,20896.6,20896.6,20896.6,20896.6,259599288
2017-05-15,20981.9,20981.9,20981.9,20981.9,20981.9,259240910
2017-05-16,20979.8,20979.8,20979.8,20979.8,20979.8,284216855
2017-05-17,20606.9,20606.9,20606.9,20606.9,20606.9,373289093
2017-05-18,20663.0,20663.0,20663.0,20663.0,20663.0,397112800
2017-05-19,20804.8,20804.8,20804.8,20804.8,20804.8,311762976
2017-05-22,20894.8,20894.8,20894.8,20894.8,20894.8,227899156
2017-05-23,20937.9,20937.9,20937.9,20937.9,20937.9,214290286
2017-05-24,21012.4,21012.4,21012.4,21012.4,21012.4,247252541
2017-05-25,21083.0,21083.0,21083.0,21083.0,21083.0,234184496
2017-05-26,21080.3,21080.3,21080.3,21080.3,21080.3,191932697
2017-05-30,21029.5,21029.5,21029.5,21029.5,21029.5,206599238
2017-05-31,21008.7,21008.7,21008.7,21008.7,21008.7,271804214
2017-06-01,21144.2,21144.2,21144.2,21144.2,21144.2,241323740
2017-06-02,21206.3,21206.3,21206.3,21206.3,21206.3,289147689
2017-06-05,21184.0,21184.0,21184.0,21184.0,21184.0,230365214
2017-06-06,21136.2,21136.2,21136.2,21136.2,21136.2,244537372
2017-06-07,21173.7,21173.7,21173.7,21173.7,21173.7,223052635
2017-06-08,21182.5,21182.5,21182.5,21182.5,21182.5,274871502
2017-06-09,21272.0,21272.0,21272.0,21272.0,21272.0,342299932
2017-06-12,21235.7,21235.7,21235.7,21235.7,21235.7,476517528
2017-06-13,21328.5,21328.5,21328.5,21328.5,21328.5,289704988
2017-06-14,21374.6,21374.6,21374.6,21374.6,21374.6,264599540
2017-06-15,21359.9,21359.9,21359.9,21359.9,21359.9,281343539
2017-06-16,21384.3,21384.3,21384.3,21384.3,21384.3,405698509
2017-06-19,21529.0,21529.0,21529.0,21529.0,21529.0,234779566
2017-06-20,21467.1,21467.1,21467.1,21467.1,21467.1,267187415
2017-06-21,21410.0,21410.0,21410.0,21410.0,21410.0,256772118
2017-06-22,21397.3,21397.3,21397.3,21397.3,21397.3,223237215
2017-06-23,21394.8,21394.8,21394.8,21394.8,21394.8,224760979
2017-06-26,21409.6,21409.6,21409.6,21409.6,21409.6,203719177
2017-06-27,21310.7,21310.7,21310.7,21310.7,21310.7,247154690
2017-06-28,21454.6,21454.6,21454.6,21454.6,21454.6,234227826
2017-06-29,21287.0,21287.0,21287.0,21287.0,21287.0,300599577
2017-06-30,21349.6,21349.6,21349.6,21349.6,21349.6,253708724
2017-07-03,21479.3,21479.3,21479.3,21479.3,21479.3,186811745
2017-07-05,21478.2,21478.2,21478.2,21478.2,21478.2,231013096
2017-07-06,21320.0,21320.0,21320.0,21320.0,21320.0,277734371
2017-07-07,21414.3,21414.3,21414.3,21414.3,21414.3,209593779
2017-07-10,21408.5,21408.5,21408.5,21408.5,21408.5,222552907
2017-07-11,21409.1,21409.1,21409.1,21409.1,21409.1,209657816
2017-07-12,21532.1,21532.1,21532.1,21532.1,21532.1,223314326
2017-07-13,21553.1,21553.1,21553.1,21553.1,21553.1,196064753
2017-07-14,21637.7,21637.7,21637.7,21637.7,21637.7,200297572
2017-07-17,21629.7,21629.7,21629.7,21629.7,21629.7,197177639
2017-07-18,21574.7,21574.7,21574.7,21574.7,21574.7,223059179
2017-07-19,21640.8,21640.8,21640.8,21640.8,21640.8,214637628
2017-07-20,21611.8,21611.8,21611.8,21611.8,21611.8,262091723
2017-07-21,21580.1,21580.1,21580.1,21580.1,21580.1,321076317
2017-07-24,21513.2,21513.2,21513.2,21513.2,21513.2,227052818
2017-07-25,21613.4,21613.4,21613.4,21613.4,21613.4,268905853
2017-07-26,21711.0,21711.0,21711.0,21711.0,21711.0,245131020
2017-07-27,21796.5,21796.5,21796.5,21796.5,21796.5,347651038
2017-07-28,21830.3,21830.3,21830.3,21830.3,21830.3,263893355
2017-07-31,21891.1,21891.1,21891.1,21891.1,21891.1,237954538
2017-08-01,21963.9,21963.9,21963.9,21963.9,21963.9,290487506
2017-08-02,22016.2,22016.2,22016.2,22016.2,22016.2,304651677
2017-08-03,22026.1,22026.1,22026.1,22026.1,22026.1,246377062
2017-08-04,22092.8,22092.8,22092.8,22092.8,22092.8,214978554
2017-08-07,22118.4,22118.4,22118.4,22118.4,22118.4,181020059
2017-08-08,22085.3,22085.3,22085.3,22085.3,22085.3,225935021
2017-08-09,22048.7,22048.7,22048.7,22048.7,22048.7,253867373
2017-08-10,21844.0,21844.0,21844.0,21844.0,21844.0,268736918
2017-08-11,21858.3,21858.3,21858.3,21858.3,21858.3,216095372
2017-08-14,21993.7,21993.7,21993.7,21993.7,21993.7,196899444
2017-08-15,21999.0,21999.0,21999.0,21999.0,21999.0,232164541
2017-08-16,22024.9,22024.9,22024.9,22024.9,22024.9,230810426
2017-08-17,21750.7,21750.7,21750.7,21750.7,21750.7,272919621
2017-08-18,21674.5,21674.5,21674.5,21674.5,21674.5,276377618
2017-08-21,21703.8,21703.8,21703.8,21703.8,21703.8,209297843
2017-08-22,21899.9,21899.9,21899.9,21899.9,21899.9,209681368
2017-08-23,21812.1,21812.1,21812.1,21812.1,21812.1,195632248
2017-08-24,21783.4,21783.4,21783.4,21783.4,21783.4,195656105
2017-08-25,21813.7,21813.7,21813.7,21813.7,21813.7,184810970
2017-08-28,21808.4,21808.4,21808.4,21808.4,21808.4,162102404
2017-08-29,21865.4,21865.4,21865.4,21865.4,21865.4,200113052
2017-08-30,21892.4,21892.4,21892.4,21892.4,21892.4,204126295
2017-08-31,21948.1,21948.1,21948.1,21948.1,21948.1,276360357
2017-09-01,21987.6,21987.6,21987.6,21987.6,21987.6,228058070
2017-09-05,21753.3,21753.3,21753.3,21753.3,21753.3,286406513
2017-09-06,21807.6,21807.6,21807.6,21807.6,21807.6,250761376
2017-09-07,21784.8,21784.8,21784.8,21784.8,21784.8,300254588
2017-09-08,21797.8,21797.8,21797.8,21797.8,21797.8,247775391
2017-09-11,22057.4,22057.4,22057.4,22057.4,22057.4,257741201
2017-09-12,22118.9,22118.9,22118.9,22118.9,22118.9,324765620
2017-09-13,22158.2,22158.2,22158.2,22158.2,22158.2,254516745
2017-09-14,22203.5,22203.5,22203.5,22203.5,22203.5,254455328
2017-09-15,22268.3,22268.3,22268.3,22268.3,22268.3,354886279
2017-09-18,22331.3,22331.3,22331.3,22331.3,22331.3,245972885
2017-09-19,22370.8,22370.8,22370.8,22370.8,22370.8,251383777
2017-09-20,22412.6,22412.6,22412.6,22412.6,22412.6,271764380
2017-09-21,22359.2,22359.2,22359.2,22359.2,22359.2,238880386
2017-09-22,22349.6,22349.6,22349.6,22349.6,22349.6,258892279
2017-09-25,22296.1,22296.1,22296.1,22296.1,22296.1,273150079
2017-09-26,22284.3,22284.3,22284.3,22284.3,22284.3,246879335
2017-09-27,22340.7,22340.7,22340.7,22340.7,22340.7,293932071
2017-09-28,22381.2,22381.2,22381.2,22381.2,22381.2,217654442
2017-09-29,22405.1,22405.1,22405.1,22405.1,22405.1,218990738
2017-10-02,22557.6,22557.6,22557.6,22557.6,22557.6,229042383
2017-10-03,22641.7,22641.7,22641.7,22641.7,22641.7,213844748
2017-10-04,22661.6,22661.6,22661.6,22661.6,22661.6,206730434
2017-10-05,22775.4,22775.4,22775.4,22775.4,22775.4,204118006
2017-10-06,22773.7,22773.7,22773.7,22773.7,22773.7,173553030
2017-10-09,22761.1,22761.1,22761.1,22761.1,22761.1,268957670
2017-10-10,22830.7,22830.7,22830.7,22830.7,22830.7,281754781
2017-10-11,22872.9,22872.9,22872.9,22872.9,22872.9,267440222
2017-10-12,22841.0,22841.0,22841.0,22841.0,22841.0,252142377
2017-10-13,22871.7,22871.7,22871.7,22871.7,22871.7,221035882
2017-10-16,22957.0,22957.0,22957.0,22957.0,22957.0,217091762
2017-10-17,22997.4,22997.4,22997.4,22997.4,22997.4,232991573
2017-10-18,23157.6,23157.6,23157.6,23157.6,23157.6,244419617
2017-10-19,23163.0,23163.0,23163.0,23163.0,23163.0,304895487
2017-10-20,23328.6,23328.6,23328.6,23328.6,23328.6,408535308
2017-10-23,23274.0,23274.0,23274.0,23274.0,23274.0,397455051
2017-10-24,23441.8,23441.8,23441.8,23441.8,23441.8,354792452
2017-10-25,23329.5,23329.5,23329.5,23329.5,23329.5,353069671
2017-10-26,23400.9,23400.9,23400.9,23400.9,23400.9,326313866
2017-10-27,23434.2,23434.2,23434.2,23434.2,23434.2,471447658
2017-10-30,23348.7,23348.7,23348.7,23348.7,23348.7,390487292
2017-10-31,23377.2,23377.2,23377.2,23377.2,23377.2,333589766
2017-11-01,23435.0,23435.0,23435.0,23435.0,23435.0,332290230
2017-11-02,23516.3,23516.3,23516.3,23516.3,23516.3,301873023
2017-11-03,23539.2,23539.2,23539.2,23539.2,23539.2,286656846
2017-11-06,23548.4,23548.4,23548.4,23548.4,23548.4,277213098
2017-11-07,23557.2,23557.2,23557.2,23557.2,23557.2,240315596
2017-11-08,23563.4,23563.4,23563.4,23563.4,23563.4,216367081
2017-11-09,23461.9,23461.9,23461.9,23461.9,23461.9,276386818
2017-11-10,23422.2,23422.2,23422.2,23422.2,23422.2,296026573
2017-11-13,23439.7,23439.7,23439.7,23439.7,23439.7,428238740
2017-11-14,23409.5,23409.5,23409.5,23409.5,23409.5,524446860
2017-11-15,23271.3,23271.3,23271.3,23271.3,23271.3,364513529
2017-11-16,23458.4,23458.4,23458.4,23458.4,23458.4,363156485
2017-11-17,23358.2,23358.2,23358.2,23358.2,23358.2,334959187
2017-11-20,23430.3,23430.3,23430.3,23430.3,23430.3,276430764
2017-11-21,23590.8,23590.8,23590.8,23590.8,23590.8,267162215
2017-11-22,23526.2,23526.2,23526.2,23526.2,23526.2,224050963
2017-11-24,23558.0,23558.0,23558.0,23558.0,23558.0,118612873
2017-11-27,23580.8,23580.8,23580.8,23580.8,23580.8,237394282
2017-11-28,23836.7,23836.7,23836.7,23836.7,23836.7,280779619
2017-11-29,23940.7,23940.7,23940.7,23940.7,23940.7,364760765
2017-11-30,24272.4,24272.4,24272.4,24272.4,24272.4,356377418
2017-12-01,24231.6,24231.6,24231.6,24231.6,24231.6,358548034
2017-12-04,24290.0,24290.0,24290.0,24290.0,24290.0,366009290
2017-12-05,24180.6,24180.6,24180.6,24180.6,24180.6,313316261
2017-12-06,24140.9,24140.9,24140.9,24140.9,24140.9,260006053
2017-12-07,24211.5,24211.5,24211.5,24211.5,24211.5,258951494
2017-12-08,24329.2,24329.2,24329.2,24329.2,24329.2,245267687
2017-12-11,24386.0,24386.0,24386.0,24386.0,24386.0,247807953
2017-12-12,24504.8,24504.8,24504.8,24504.8,24504.8,281499176
2017-12-13,24585.4,24585.4,24585.4,24585.4,24585.4,268906158
2017-12-14,24508.7,24508.7,24508.7,24508.7,24508.7,263488459
2017-12-15,24651.7,24651.7,24651.7,24651.7,24651.7,404077613
2017-12-18,24792.2,24792.2,24792.2,24792.2,24792.2,293561104
2017-12-19,24754.7,24754.7,24754.7,24754.7,24754.7,281946349
2017-12-20,24726.7,24726.7,24726.7,24726.7,24726.7,289104103
2017-12-21,24782.3,24782.3,24782.3,24782.3,24782.3,273950072
2017-12-22,24754.1,24754.1,24754.1,24754.1,24754.1,212451198
2017-12-26,24746.2,24746.2,24746.2,24746.2,24746.2,176199274
2017-12-27,24774.3,24774.3,24774.3,24774.3,24774.3,183366764
2017-12-28,24837.5,24837.5,24837.5,24837.5,24837.5,172073077
2017-12-29,24719.2,24719.2,24719.2,24719.2,24719.2,201338243
2018-01-02,24824.0,24824.0,24824.0,24824.0,24824.0,285673487
2018-01-03,24922.7,24922.7,24922.7,24922.7,24922.7,421035113
2018-01-04,25075.1,25075.1,25075.1,25075.1,25075.1,361273375
2018-01-05,25295.9,25295.9,25295.9,25295.9,25295.9,305122391
2018-01-08,25283.0,25283.0,25283.0,25283.0,25283.0,278355041
2018-01-09,25385.8,25385.8,25385.8,25385.8,25385.8,289067837
2018-01-10,25369.1,25369.1,25369.1,25369.1,25369.1,296750186
2018-01-11,25574.7,25574.7,25574.7,25574.7,25574.7,301754684
2018-01-12,25803.2,25803.2,25803.2,25803.2,25803.2,320961508
2018-01-16,25792.9,25792.9,25792.9,25792.9,25792.9,493733029
2018-01-17,26115.7,26115.7,26115.7,26115.7,26115.7,456795707
2018-01-18,26017.8,26017.8,26017.8,26017.8,26017.8,420043811
2018-01-19,26071.7,26071.7,26071.7,26071.7,26071.7,505535687
2018-01-22,26214.6,26214.6,26214.6,26214.6,26214.6,356291964
2018-01-23,26210.8,26210.8,26210.8,26210.8,26210.8,381476063
2018-01-24,26252.1,26252.1,26252.1,26252.1,26252.1,454733009
2018-01-25,26392.8,26392.8,26392.8,26392.8,26392.8,359160627
2018-01-26,26616.7,26616.7,26616.7,26616.7,26616.7,392901932
2018-01-29,26439.5,26439.5,26439.5,26439.5,26439.5,357427120
2018-01-30,26076.9,26076.9,26076.9,26076.9,26076.9,393504260
2018-01-31,26149.4,26149.4,26149.4,26149.4,26149.4,381145181
2018-02-01,26186.7,26186.7,26186.7,26186.7,26186.7,357257053
2018-02-02,25521.0,25521.0,25521.0,25521.0,25521.0,462433953
2018-02-05,24345.8,24345.8,24345.8,24345.8,24345.8,638326016
2018-02-06,24912.8,24912.8,24912.8,24912.8,24912.8,758232539
2018-02-07,24893.3,24893.3,24893.3,24893.3,24893.3,448665694
2018-02-08,23860.5,23860.5,23860.5,23860.5,23860.5,593628300
2018-02-09,24190.9,24190.9,24190.9,24190.9,24190.9,672736011
2018-02-12,24601.3,24601.3,24601.3,24601.3,24601.3,414957262
2018-02-13,24640.4,24640.4,24640.4,24640.4,24640.4,314500070
2018-02-14,24893.5,24893.5,24893.5,24893.5,24893.5,379869889
2018-02-15,25200.4,25200.4,25200.4,25200.4,25200.4,374439655
2018-02-16,25219.4,25219.4,25219.4,25219.4,25219.4,353649052
2018-02-20,24964.8,24964.8,24964.8,24964.8,24964.8,358925641
2018-02-21,24797.8,24797.8,24797.8,24797.8,24797.8,382984500
2018-02-22,24962.5,24962.5,24962.5,24962.5,24962.5,335453327
2018-02-23,25310.0,25310.0,25310.0,25310.0,25310.0,294683488
2018-02-26,25709.3,25709.3,25709.3,25709.3,25709.3,410343463
2018-02-27,25410.0,25410.0,25410.0,25410.0,25410.0,386185183
2018-02-28,25029.2,25029.2,25029.2,25029.2,25029.2,351269555
2018-03-01,24609.0,24609.0,24609.0,24609.0,24609.0,453057669
2018-03-02,24538.1,24538.1,24538.1,24538.1,24538.1,386781758
2018-03-05,24874.8,24874.8,24874.8,24874.8,24874.8,328027678
2018-03-06,24884.1,24884.1,24884.1,24884.1,24884.1,292777978
2018-03-07,24801.4,24801.4,24801.4,24801.4,24801.4,327246185
2018-03-08,24895.2,24895.2,24895.2,24895.2,24895.2,273641213
2018-03-09,25335.7,25335.7,25335.7,25335.7,25335.7,315459542
2018-03-12,25178.6,25178.6,25178.6,25178.6,25178.6,310462891
2018-03-13,25007.0,25007.0,25007.0,25007.0,25007.0,395927945
2018-03-14,24758.1,24758.1,24758.1,24758.1,24758.1,317085078
2018-03-15,24873.7,24873.7,24873.7,24873.7,24873.7,284998571
2018-03-16,24946.5,24946.5,24946.5,24946.5,24946.5,362740401
2018-03-19,24610.9,24610.9,24610.9,24610.9,24610.9,304600212
2018-03-20,24727.3,24727.3,24727.3,24727.3,24727.3,294183274
2018-03-21,24682.3,24682.3,24682.3,24682.3,24682.3,292973775
2018-03-22,23957.9,23957.9,23957.9,23957.9,23957.9,379353702
2018-03-23,23533.2,23533.2,23533.2,23533.2,23533.2,417779599
2018-03-26,24202.6,24202.6,24202.6,24202.6,24202.6,403647757
2018-03-27,23857.7,23857.7,23857.7,23857.7,23857.7,470812174
2018-03-28,23848.4,23848.4,23848.4,23848.4,23848.4,490140510
2018-03-29,24103.1,24103.1,24103.1,24103.1,24103.1,346255293
2018-04-02,23644.2,23644.2,23644.2,23644.2,23644.2,442504725
2018-04-03,24033.4,24033.4,24033.4,24033.4,24033.4,338554011
2018-04-04,24264.3,24264.3,24264.3,24264.3,24264.3,335577964
2018-04-05,24505.2,24505.2,24505.2,24505.2,24505.2,296518991
2018-04-06,23932.8,23932.8,23932.8,23932.8,23932.8,333818693
2018-04-09,23979.1,23979.1,23979.1,23979.1,23979.1,298530757
2018-04-10,24408.0,24408.0,24408.0,24408.0,24408.0,318707461
2018-04-11,24189.5,24189.5,24189.5,24189.5,24189.5,250285647
2018-04-12,24483.0,24483.0,24483.0,24483.0,24483.0,284729861
2018-04-13,24360.1,24360.1,24360.1,24360.1,24360.1,290022169
2018-04-16,24573.0,24573.0,24573.0,24573.0,24573.0,267654912
2018-04-17,24786.6,24786.6,24786.6,24786.6,24786.6,303688689
2018-04-18,24748.1,24748.1,24748.1,24748.1,24748.1,268228657
2018-04-19,24664.9,24664.9,24664.9,24664.9,24664.9,342926280
2018-04-20,24462.9,24462.9,24462.9,24462.9,24462.9,473139517
2018-04-23,24448.7,24448.7,24448.7,24448.7,24448.7,289307489
2018-04-24,24024.1,24024.1,24024.1,24024.1,24024.1,425705584
2018-04-25,24083.8,24083.8,24083.8,24083.8,24083.8,388100636
2018-04-26,24322.3,24322.3,24322.3,24322.3,24322.3,324545543
2018-04-27,24311.2,24311.2,24311.2,24311.2,24311.2,361102931
2018-04-30,24163.1,24163.1,24163.1,24163.1,24163.1,312153222
2018-05-01,24099.0,24099.0,24099.0,24099.0,24099.0,335974189
2018-05-02,23925.0,23925.0,23925.0,23925.0,23925.0,340248471
2018-05-03,23930.1,23930.1,23930.1,23930.1,23930.1,330781352
2018-05-04,24262.5,24262.5,24262.5,24262.5,24262.5,282797665
2018-05-07,24357.3,24357.3,24357.3,24357.3,24357.3,266998363
2018-05-08,24360.2,24360.2,24360.2,24360.2,24360.2,282621694
2018-05-09,24542.5,24542.5,24542.5,24542.5,24542.5,320576067
2018-05-10,24739.5,24739.5,24739.5,24739.5,24739.5,258668730
2018-05-11,24831.2,24831.2,24831.2,24831.2,24831.2,229387388
2018-05-14,24899.4,24899.4,24899.4,24899.4,24899.4,227684188
2018-05-15,24706.4,24706.4,24706.4,24706.4,24706.4,251381836
2018-05-16,24768.9,24768.9,24768.9,24768.9,24768.9,239119001
2018-05-17,24714.0,24714.0,24714.0,24714.0,24714.0,282859935
2018-05-18,24715.1,24715.1,24715.1,24715.1,24715.1,228292809
2018-05-21,25013.3,25013.3,25013.3,25013.3,25013.3,266720636
2018-05-22,24834.4,24834.4,24834.4,24834.4,24834.4,248107530
2018-05-23,24886.8,24886.8,24886.8,24886.8,24886.8,333793054
2018-05-24,24811.8,24811.8,24811.8,24811.8,24811.8,295108327
2018-05-25,24753.1,24753.1,24753.1,24753.1,24753.1,222301700
2018-05-29,24361.4,24361.4,24361.4,24361.4,24361.4,322937944
2018-05-30,24667.8,24667.8,24667.8,24667.8,24667.8,276252332
2018-05-31,24415.8,24415.8,24415.8,24415.8,24415.8,281659712
2018-06-01,24635.2,24635.2,24635.2,24635.2,24635.2,281529075
2018-06-04,24813.7,24813.7,24813.7,24813.7,24813.7,308420834
2018-06-05,24800.0,24800.0,24800.0,24800.0,24800.0,262835296
2018-06-06,25146.4,25146.4,25146.4,25146.4,25146.4,256194935
2018-06-07,25241.4,25241.4,25241.4,25241.4,25241.4,296208899
2018-06-08,25316.5,25316.5,25316.5,25316.5,25316.5,264511985
2018-06-11,25322.3,25322.3,25322.3,25322.3,25322.3,230414456
2018-06-12,25320.7,25320.7,25320.7,25320.7,25320.7,224643667
2018-06-13,25201.2,25201.2,25201.2,25201.2,25201.2,273253206
2018-06-14,25175.3,25175.3,25175.3,25175.3,25175.3,284625051
2018-06-15,25090.5,25090.5,25090.5,25090.5,25090.5,428399016
2018-06-18,24987.5,24987.5,24987.5,24987.5,24987.5,275880960
2018-06-19,24700.2,24700.2,24700.2,24700.2,24700.2,310727970
2018-06-20,24657.8,24657.8,24657.8,24657.8,24657.8,312731529
2018-06-21,24461.7,24461.7,24461.7,24461.7,24461.7,306150500
2018-06-22,24580.9,24580.9,24580.9,24580.9,24580.9,284499897
2018-06-25,24252.8,24252.8,24252.8,24252.8,24252.8,369929236
2018-06-26,24283.1,24283.1,24283.1,24283.1,24283.1,253440808
2018-06-27,24117.6,24117.6,24117.6,24117.6,24117.6,270503172
2018-06-28,24216.0,24216.0,24216.0,24216.0,24216.0,270982601
2018-06-29,24271.4,24271.4,24271.4,24271.4,24271.4,260247308
2018-07-02,24307.2,24307.2,24307.2,24307.2,24307.2,211720172
2018-07-03,24174.8,24174.8,24174.8,24174.8,24174.8,160955003
2018-07-05,24356.7,24356.7,24356.7,24356.7,24356.7,201901567
2018-07-06,24456.5,24456.5,24456.5,24456.5,24456.5,185637935
2018-07-09,24776.6,24776.6,24776.6,24776.6,24776.6,202737561
2018-07-10,24919.7,24919.7,24919.7,24919.7,24919.7,199272852
2018-07-11,24700.4,24700.4,24700.4,24700.4,24700.4,207807236
2018-07-12,24924.9,24924.9,24924.9,24924.9,24924.9,195989760
2018-07-13,25019.4,25019.4,25019.4,25019.4,25019.4,219740899
2018-07-16,25064.4,25064.4,25064.4,25064.4,25064.4,194193915
2018-07-17,25119.9,25119.9,25119.9,25119.9,25119.9,214575738
2018-07-18,25199.3,25199.3,25199.3,25199.3,25199.3,209860447
2018-07-19,25064.5,25064.5,25064.5,25064.5,25064.5,237909233
2018-07-20,25058.1,25058.1,25058.1,25058.1,25058.1,228568764
2018-07-23,25044.3,25044.3,25044.3,25044.3,25044.3,192756088
2018-07-24,25241.9,25241.9,25241.9,25241.9,25241.9,239402351
2018-07-25,25414.1,25414.1,25414.1,25414.1,25414.1,238433780
2018-07-26,25527.1,25527.1,25527.1,25527.1,25527.1,237812678
2018-07-27,25451.1,25451.1,25451.1,25451.1,25451.1,298782500
2018-07-30,25306.8,25306.8,25306.8,25306.8,25306.8,264161792
2018-07-31,25415.2,25415.2,25415.2,25415.2,25415.2,279603253
2018-08-01,25333.8,25333.8,25333.8,25333.8,25333.8,283036200
2018-08-02,25326.2,25326.2,25326.2,25326.2,25326.2,274336245
2018-08-03,25462.6,25462.6,25462.6,25462.6,25462.6,199405001
2018-08-06,25502.2,25502.2,25502.2,25502.2,25502.2,197227919
2018-08-07,25628.9,25628.9,25628.9,25628.9,25628.9,200865519
2018-08-08,25583.8,25583.8,25583.8,25583.8,25583.8,185013531
2018-08-09,25509.2,25509.2,25509.2,25509.2,25509.2,186828589
2018-08-10,25313.1,25313.1,25313.1,25313.1,25313.1,197109811
2018-08-13,25187.7,25187.7,25187.7,25187.7,25187.7,187025374
2018-08-14,25299.9,25299.9,25299.9,25299.9,25299.9,190140430
2018-08-15,25162.4,25162.4,25162.4,25162.4,25162.4,259043802
2018-08-16,25558.7,25558.7,25558.7,25558.7,25558.7,302726450
2018-08-17,25669.3,25669.3,25669.3,25669.3,25669.3,244961195
2018-08-20,25758.7,25758.7,25758.7,25758.7,25758.7,213168719
2018-08-21,25822.3,25822.3,25822.3,25822.3,25822.3,202804144
2018-08-22,25733.6,25733.6,25733.6,25733.6,25733.6,171099470
2018-08-23,25657.0,25657.0,25657.0,25657.0,25657.0,180616649
2018-08-24,25790.4,25790.4,25790.4,25790.4,25790.4,163616677
2018-08-27,26049.6,26049.6,26049.6,26049.6,26049.6,189176621
2018-08-28,26064.0,26064.0,26064.0,26064.0,26064.0,179939225
2018-08-29,26124.6,26124.6,26124.6,26124.6,26124.6,183475477
2018-08-30,25986.9,25986.9,25986.9,25986.9,25986.9,215062062
2018-08-31,25964.8,25964.8,25964.8,25964.8,25964.8,200155604
2018-09-04,25952.5,25952.5,25952.5,25952.5,25952.5,216192742
2018-09-05,25975.0,25975.0,25975.0,25975.0,25975.0,236175907
2018-09-06,25995.9,25995.9,25995.9,25995.9,25995.9,220391617
2018-09-07,25916.5,25916.5,25916.5,25916.5,25916.5,230770058
2018-09-10,25991.9,26040.0,25854.1,25857.1,25857.1,205994588
2018-09-11,25841.1,26019.9,25754.3,25971.1,25971.1,223559422
2018-09-12,25989.1,26145.7,25929.4,25998.9,25998.9,246692221
2018-09-13,26083.9,26191.6,26067.1,26146.0,26146.0,219259376
2018-09-14,26169.6,26211.1,26068.3,26154.7,26154.7,194422367
2018-09-17,26151.7,26184.5,26030.3,26062.1,26062.1,188748269
2018-09-18,26076.2,26317.3,26076.2,26247.0,26247.0,204609318
2018-09-19,26287.8,26464.4,26280.8,26405.8,26405.8,211253109
2018-09-20,26519.4,26697.5,26519.4,26657.0,26657.0,217321075
2018-09-21,26726.2,26769.2,26680.4,26743.5,26743.5,354299247
2018-09-24,26705.2,26709.9,26548.7,26562.0,26562.0,205165365
2018-09-25,26601.6,26634.8,26475.6,26492.2,26492.2,190846519
2018-09-26,26536.9,26606.1,26349.3,26385.3,26385.3,213727451
2018-09-27,26418.3,26557.0,26379.9,26439.9,26439.9,183260040
2018-09-28,26407.7,26515.8,26383.6,26458.3,26458.3,204321757
2018-10-01,26598.4,26738.0,26596.1,26651.2,26651.2,195337224
2018-10-02,26648.9,26824.8,26627.7,26773.9,26773.9,210512761
2018-10-03,26833.5,26951.8,26789.1,26828.4,26828.4,234152711
2018-10-04,26784.1,26793.8,26471.6,26627.5,26627.5,254319300
2018-10-05,26632.8,26676.2,26301.8,26447.1,26447.1,232024487
2018-10-08,26399.4,26529.3,26223.1,26486.8,26486.8,226715763
2018-10-09,26469.2,26539.9,26324.2,26430.6,26430.6,242445502
2018-10-10,26441.7,26441.7,25593.7,25598.7,25598.7,378562745
2018-10-11,25518.4,25683.6,24899.8,25052.8,25052.8,472734109
2018-10-12,25407.6,25467.6,25000.8,25340.0,25340.0,343649428
2018-10-15,25332.5,25482.4,25246.8,25250.6,25250.6,235328874
2018-10-16,25351.5,25817.7,25351.5,25798.4,25798.4,263496067
2018-10-17,25705.9,25810.1,25479.2,25706.7,25706.7,250883585
2018-10-18,25645.6,25691.5,25236.0,25379.5,25379.5,284883275
2018-10-19,25421.1,25608.7,25350.0,25444.3,25444.3,306334644
2018-10-22,25492.1,25561.3,25236.1,25317.4,25317.4,271493026
2018-10-23,25038.5,25307.7,24768.8,25191.4,25191.4,403655867
2018-10-24,25172.9,25306.2,24533.2,24583.4,24583.4,437073207
2018-10-25,24736.5,25104.3,24645.6,24984.6,24984.6,383139096
2018-10-26,24770.2,24916.2,24445.2,24688.3,24688.3,440802767
2018-10-29,24819.0,25040.6,24122.2,24442.9,24442.9,389637830
2018-10-30,24482.0,24906.7,24415.7,24874.6,24874.6,405924570
2018-10-31,25008.8,25336.6,25008.8,25115.8,25115.8,363814195
2018-11-01,25142.1,25396.5,25108.1,25380.7,25380.7,324718670
2018-11-02,25443.6,25579.0,25078.7,25270.8,25270.8,367164843
2018-11-05,25261.5,25507.3,25261.5,25461.7,25461.7,278392440
2018-11-06,25452.8,25651.9,25444.9,25635.0,25635.0,221986796
2018-11-07,25788.5,26200.1,25765.9,26180.3,26180.3,288695421
2018-11-08,26139.6,26277.8,26081.9,26191.2,26191.2,250976310
2018-11-09,26149.1,26161.5,25882.9,25989.3,25989.3,268971162
2018-11-12,25959.3,25966.7,25340.5,25387.2,25387.2,296060152
2018-11-13,25321.2,25511.0,25193.8,25288.4,25288.4,294581098
2018-11-14,25388.1,25501.3,24935.8,25080.5,25080.5,331406778
2018-11-15,25061.5,25354.6,24787.8,25289.3,25289.3,337374191
2018-11-16,25242.3,25510.2,25147.8,25420.3,25420.3,295194565
2018-11-19,25392.6,25392.6,24901.0,25017.4,25017.4,303524610
2018-11-20,24618.7,24707.3,24369.0,24465.6,24465.6,394244929
2018-11-21,24541.7,24669.8,24463.3,24464.7,24464.7,245318453
2018-11-23,24336.4,24408.8,24268.7,24286.0,24286.0,155942556
2018-11-26,24364.1,24673.3,24364.1,24638.5,24638.5,251943807
2018-11-27,24557.0,24750.7,24416.0,24748.7,24748.7,264725159
2018-11-28,24832.8,25368.9,24832.8,25366.4,25366.4,308153950
2018-11-29,25343.7,25479.0,25202.8,25338.8,25338.8,272328196
2018-11-30,25307.1,25549.7,25251.0,25538.5,25538.5,286871478
2018-12-03,25779.6,25980.2,25670.5,25826.4,25826.4,323970214
2018-12-04,25752.6,25773.1,25008.1,25039.4,25039.4,338887508
2018-12-06,24737.4,24951.0,24242.2,24947.7,24947.7,403324920
2018-12-07,24918.8,25095.6,24284.8,24393.7,24393.7,329643675
2018-12-10,24360.9,24500.8,23881.4,24423.3,24423.3,334090660
2018-12-11,24719.9,24791.3,24221.1,24370.2,24370.2,298911089
2018-12-12,24509.1,24828.3,24509.1,24533.7,24533.7,271794610
2018-12-13,24575.9,24741.0,24473.3,24597.4,24597.4,253848552
2018-12-14,24408.0,24431.1,24033.8,24105.0,24105.0,351136935
2018-12-17,23986.8,24088.1,23456.9,23593.0,23593.0,383728453
2018-12-18,23769.1,23927.8,23516.0,23675.6,23675.6,338083345
2018-12-19,23693.3,24057.3,23162.6,23323.7,23323.7,424732626
2018-12-20,23224.1,23282.2,22644.3,22859.6,22859.6,486177826
2018-12-21,22871.7,23254.6,22396.3,22445.4,22445.4,596193053
2018-12-24,22317.3,22339.9,21792.2,21792.2,21792.2,308419010
2018-12-26,21857.7,22877.1,21712.5,22873.2,22873.2,364880733
2018-12-27,22629.1,23126.5,22267.4,23138.8,23138.8,329506488
2018-12-28,23213.6,23381.9,22981.3,23062.4,23062.4,294542709
2018-12-31,23153.9,23329.5,23118.3,23327.5,23327.5,231032264
2019-01-02,23058.6,23413.5,22928.6,23340.7,23340.7,260067559
2019-01-03,23176.4,23176.4,22638.4,22686.2,22686.2,364601230
2019-01-04,22894.9,23518.6,22894.9,23428.2,23428.2,328221312
2019-01-07,23474.3,23687.7,23301.6,23531.3,23531.3,272309900
2019-01-08,23680.3,23864.7,23581.4,23786.2,23786.2,271560217
2019-01-09,23844.3,23985.4,23776.6,23879.1,23879.1,281743455
2019-01-10,23811.1,24014.8,23703.2,24001.9,24001.9,267155242
2019-01-11,23940.0,23996.3,23798.2,23995.9,23995.9,220294680
2019-01-14,23880.5,23964.9,23765.2,23909.8,23909.8,208269471
2019-01-15,23914.1,24099.1,23887.9,24065.6,24065.6,252997448
2019-01-16,24139.9,24288.6,24119.7,24207.2,24207.2,258410361
2019-01-17,24147.1,24474.5,24088.9,24370.1,24370.1,247983882
2019-01-18,24534.2,24747.3,24459.0,24706.3,24706.3,319926669
2019-01-22,24607.8,24607.8,24244.3,24404.5,24404.5,264888777
2019-01-23,24577.2,24701.0,24307.2,24575.6,24575.6,272955877
2019-01-24,24580.0,24626.3,24422.7,24553.2,24553.2,273490986
2019-01-25,24687.2,24860.2,24676.8,24732.4,24732.4,325443604
2019-01-28,24597.0,24597.0,24323.9,24528.2,24528.2,296593846
2019-01-29,24519.6,24674.9,24504.0,24578.4,24578.4,287361357
2019-01-30,24826.5,25109.6,24790.9,25014.9,25014.9,354060088
2019-01-31,24954.5,25049.6,24842.1,24999.7,24999.7,380645608
2019-02-01,25025.3,25193.2,24982.5,25065.2,25065.2,310805003
2019-02-04,25062.1,25236.7,24977.7,25239.4,25239.4,247142725
2019-02-05,25287.9,25427.3,25287.7,25411.5,25411.5,254884574
2019-02-06,25371.6,25439.0,25312.1,25388.8,25388.8,208898882
2019-02-07,25265.8,25314.3,25000.5,25169.5,25169.5,248527589
2019-02-08,25042.4,25106.4,24883.0,25103.9,25103.9,209794579
2019-02-11,25142.8,25196.8,25009.1,25053.1,25053.1,197112470
2019-02-12,25152.0,25459.0,25152.0,25425.8,25425.8,234211054
2019-02-13,25480.9,25625.9,25480.9,25543.3,25543.3,222204221
2019-02-14,25460.7,25558.9,25308.1,25439.4,25439.4,272795805
2019-02-15,25564.6,25882.3,25564.6,25883.2,25883.2,272499170
2019-02-20,25872.3,25986.2,25846.5,25954.4,25954.4,233904599
2019-02-21,25922.4,25938.9,25762.2,25849.7,25849.7,221574022
2019-02-22,25906.3,26052.9,25906.3,26031.8,26031.8,235656060
2019-02-25,26126.2,26241.4,26080.7,26092.0,26092.0,234034556
2019-02-26,26051.6,26155.3,25966.0,26058.0,26058.0,215348569
2019-02-27,25995.6,26039.7,25877.2,25985.2,25985.2,217648868
2019-02-28,25984.3,26029.2,25896.6,25916.0,25916.0,238056584
2019-03-01,26019.7,26143.9,25914.4,26026.3,26026.3,239379333
2019-03-04,26122.2,26156.0,25611.6,25819.6,25819.6,247170065
2019-03-05,25829.1,25877.2,25725.6,25806.6,25806.6,202818040
2019-03-06,25818.8,25837.6,25633.7,25673.5,25673.5,211290705
2019-03-07,25645.4,25645.4,25352.6,25468.1,25468.1,232731434
2019-03-08,25347.4,25466.1,25252.5,25450.1,25450.1,232856385
2019-03-11,25208.0,25661.6,25208.0,25650.9,25650.9,261117595
2019-03-12,25600.3,25675.4,25522.2,25554.7,25554.7,265828192
2019-03-13,25637.2,25776.5,25571.3,25702.9,25702.9,272911905
2019-03-14,25692.3,25752.8,25621.3,25709.9,25709.9,238895236
2019-03-15,25721.0,25927.9,25649.7,25848.9,25848.9,357899700
2019-03-18,25914.1,25914.1,25914.1,25914.1,25914.1,0
2019-03-19,25887.4,25887.4,25887.4,25887.4,25887.4,0
2019-03-20,25745.7,25745.7,25745.7,25745.7,25745.7,0
2019-03-21,25962.5,25962.5,25962.5,25962.5,25962.5,0
2019-03-22,25502.3,25502.3,25502.3,25502.3,25502.3,0
2019-03-25,25516.8,25516.8,25516.8,25516.8,25516.8,0
2019-03-26,25657.7,25657.7,25657.7,25657.7,25657.7,0
2019-03-27,25625.6,25625.6,25625.6,25625.6,25625.6,0
2019-03-29,25928.7,25928.7,25928.7,25928.7,25928.7,0
2019-04-01,26258.4,26258.4,26258.4,26258.4,26258.4,0
2019-04-03,26218.1,26218.1,26218.1,26218.1,26218.1,0
2019-04-04,26384.6,26384.6,26384.6,26384.6,26384.6,0
2019-04-05,26425.0,26425.0,26425.0,26425.0,26425.0,0
2019-04-08,26341.0,26341.0,26341.0,26341.0,26341.0,0
2019-04-09,26150.6,26150.6,26150.6,26150.6,26150.6,0
2019-04-10,26157.2,26157.2,26157.2,26157.2,26157.2,0
2019-04-11,26143.1,26143.1,26143.1,26143.1,26143.1,0
2019-04-12,26412.3,26412.3,26412.3,26412.3,26412.3,0
2019-04-15,26384.8,26384.8,26384.8,26384.8,26384.8,0
2019-04-16,26452.7,26452.7,26452.7,26452.7,26452.7,0
2019-04-17,26449.5,26449.5,26449.5,26449.5,26449.5,0
2019-04-18,26559.5,26559.5,26559.5,26559.5,26559.5,0
2019-04-22,26511.1,26511.1,26511.1,26511.1,26511.1,0
2019-04-23,26656.4,26656.4,26656.4,26656.4,26656.4,0
2019-04-24,26597.0,26597.0,26597.0,26597.0,26597.0,0
2019-04-25,26462.1,26462.1,26462.1,26462.1,26462.1,0
2019-04-26,26543.3,26543.3,26543.3,26543.3,26543.3,0
2019-04-29,26554.4,26554.4,26554.4,26554.4,26554.4,0
2019-04-30,26592.9,26592.9,26592.9,26592.9,26592.9,0
2019-05-01,26430.1,26430.1,26430.1,26430.1,26430.1,0
2019-05-03,26504.9,26504.9,26504.9,26504.9,26504.9,0
2019-05-06,26438.5,26438.5,26438.5,26438.5,26438.5,0
2019-05-07,25965.1,25965.1,25965.1,25965.1,25965.1,0
2019-05-08,25967.3,25967.3,25967.3,25967.3,25967.3,0
2019-05-09,25828.4,25828.4,25828.4,25828.4,25828.4,0
2019-05-10,25942.4,25942.4,25942.4,25942.4,25942.4,0
2019-05-13,25325.0,25325.0,25325.0,25325.0,25325.0,0
2019-05-14,25532.0,25532.0,25532.0,25532.0,25532.0,0
2019-05-15,25648.0,25648.0,25648.0,25648.0,25648.0,0
2019-05-16,25862.7,25862.7,25862.7,25862.7,25862.7,0
2019-05-17,25764.0,25764.0,25764.0,25764.0,25764.0,0
2019-05-20,25679.9,25679.9,25679.9,25679.9,25679.9,0
2019-05-21,25877.3,25877.3,25877.3,25877.3,25877.3,0
2019-05-22,25776.6,25776.6,25776.6,25776.6,25776.6,0
2019-05-23,25490.5,25490.5,25490.5,25490.5,25490.5,0
2019-05-24,25585.7,25585.7,25585.7,25585.7,25585.7,0
2019-05-28,25347.8,25347.8,25347.8,25347.8,25347.8,0
2019-05-29,25126.4,25126.4,25126.4,25126.4,25126.4,0
2019-05-30,25169.9,25169.9,25169.9,25169.9,25169.9,0
2019-05-31,24815.0,24815.0,24815.0,24815.0,24815.0,0
2019-06-03,24819.8,24819.8,24819.8,24819.8,24819.8,0
2019-06-04,25332.2,25332.2,25332.2,25332.2,25332.2,0
2019-06-05,25539.6,25539.6,25539.6,25539.6,25539.6,0
2019-06-07,25983.9,25983.9,25983.9,25983.9,25983.9,0
2020-01-03,28634.9,28634.9,28634.9,28634.9,28634.9,0
2020-01-06,28703.4,28703.4,28703.4,28703.4,28703.4,0
2020-01-07,28583.7,28583.7,28583.7,28583.7,28583.7,0
2020-01-08,28745.1,28745.1,28745.1,28745.1,28745.1,0
2020-01-09,28956.9,28956.9,28956.9,28956.9,28956.9,0
2020-01-10,28823.8,28823.8,28823.8,28823.8,28823.8,0
2020-01-13,28907.1,28907.1,28907.1,28907.1,28907.1,0
2020-01-14,28939.7,28939.7,28939.7,28939.7,28939.7,0
2020-01-15,29030.2,29030.2,29030.2,29030.2,29030.2,0
2020-01-16,29297.6,29297.6,29297.6,29297.6,29297.6,0
2020-01-17,29348.1,29348.1,29348.1,29348.1,29348.1,0
2020-01-21,29196.0,29196.0,29196.0,29196.0,29196.0,0
2020-01-22,29186.3,29186.3,29186.3,29186.3,29186.3,0
2020-01-23,29160.1,29160.1,29160.1,29160.1,29160.1,0
2020-01-24,28989.7,28989.7,28989.7,28989.7,28989.7,0
2020-01-27,28535.8,28535.8,28535.8,28535.8,28535.8,0
2020-01-28,28722.8,28722.8,28722.8,28722.8,28722.8,0
2020-01-29,28734.4,28734.4,28734.4,28734.4,28734.4,0
2020-01-30,28859.4,28859.4,28859.4,28859.4,28859.4,0
2020-01-31,28256.0,28256.0,28256.0,28256.0,28256.0,0
2020-02-03,28399.8,28399.8,28399.8,28399.8,28399.8,0
2020-02-04,28807.6,28807.6,28807.6,28807.6,28807.6,0
2020-02-05,29290.9,29290.9,29290.9,29290.9,29290.9,0
2020-02-06,29379.8,29379.8,29379.8,29379.8,29379.8,0
2020-02-07,29102.5,29102.5,29102.5,29102.5,29102.5,0
2020-02-10,29276.8,29276.8,29276.8,29276.8,29276.8,0
2020-02-11,29276.3,29276.3,29276.3,29276.3,29276.3,0
2020-02-12,29551.4,29551.4,29551.4,29551.4,29551.4,0
2020-02-13,29423.3,29423.3,29423.3,29423.3,29423.3,0
2020-02-14,29398.1,29398.1,29398.1,29398.1,29398.1,0
2020-02-18,29232.2,29232.2,29232.2,29232.2,29232.2,0
2020-02-19,29348.0,29348.0,29348.0,29348.0,29348.0,0
2020-02-20,29220.0,29220.0,29220.0,29220.0,29220.0,0
2020-02-21,28992.4,28992.4,28992.4,28992.4,28992.4,0
2020-02-24,27960.8,27960.8,27960.8,27960.8,27960.8,0
2020-02-25,27081.4,27081.4,27081.4,27081.4,27081.4,0
2020-02-26,26957.6,26957.6,26957.6,26957.6,26957.6,0
2020-02-27,25766.6,25766.6,25766.6,25766.6,25766.6,0
2020-02-28,25409.4,25409.4,25409.4,25409.4,25409.4,0
2020-03-02,26703.3,26703.3,26703.3,26703.3,26703.3,0
2020-03-03,25917.4,25917.4,25917.4,25917.4,25917.4,0
2020-03-04,27090.9,27090.9,27090.9,27090.9,27090.9,0
2020-03-05,26121.3,26121.3,26121.3,26121.3,26121.3,0
2020-03-06,25864.8,25864.8,25864.8,25864.8,25864.8,0
2020-03-09,23851.0,23851.0,23851.0,23851.0,23851.0,0
2020-03-10,25018.2,25018.2,25018.2,25018.2,25018.2,0
2020-03-11,23553.2,23553.2,23553.2,23553.2,23553.2,0
2020-03-12,21200.6,21200.6,21200.6,21200.6,21200.6,0
2020-03-13,23185.6,23185.6,23185.6,23185.6,23185.6,0
2020-03-16,20188.5,20188.5,20188.5,20188.5,20188.5,0
2020-03-17,21237.4,21237.4,21237.4,21237.4,21237.4,0
2020-03-18,19898.9,19898.9,19898.9,19898.9,19898.9,0
2020-03-19,20087.2,20087.2,20087.2,20087.2,20087.2,0
2020-03-20,19174.0,19174.0,19174.0,19174.0,19174.0,0
2020-03-23,18591.9,18591.9,18591.9,18591.9,18591.9,0
2020-03-24,20704.9,20704.9,20704.9,20704.9,20704.9,0
2020-03-25,21200.6,21200.6,21200.6,21200.6,21200.6,0
2020-03-26,22552.2,22552.2,22552.2,22552.2,22552.2,0
2020-03-27,21636.8,21636.8,21636.8,21636.8,21636.8,0
2020-03-30,22327.5,22327.5,22327.5,22327.5,22327.5,0
2020-03-31,21917.2,21917.2,21917.2,21917.2,21917.2,0
2020-04-01,20943.5,20943.5,20943.5,20943.5,20943.5,0
2020-04-02,21413.4,21413.4,21413.4,21413.4,21413.4,0
2020-04-03,21052.5,21052.5,21052.5,21052.5,21052.5,0
2020-04-06,22680.0,22680.0,22680.0,22680.0,22680.0,0
2020-04-07,22653.9,22653.9,22653.9,22653.9,22653.9,0
2020-04-08,23433.6,23433.6,23433.6,23433.6,23433.6,0
2020-04-09,23719.4,23719.4,23719.4,23719.4,23719.4,0
2020-04-13,23390.8,23390.8,23390.8,23390.8,23390.8,0
2020-04-14,23949.8,23949.8,23949.8,23949.8,23949.8,0
2020-04-15,23504.3,23504.3,23504.3,23504.3,23504.3,0
2020-04-16,23537.7,23537.7,23537.7,23537.7,23537.7,0
2020-04-17,24242.5,24242.5,24242.5,24242.5,24242.5,0
2020-04-20,23650.4,23650.4,23650.4,23650.4,23650.4,0
2020-04-21,23018.9,23018.9,23018.9,23018.9,23018.9,0
2020-04-22,23475.8,23475.8,23475.8,23475.8,23475.8,0
2020-04-23,23515.3,23515.3,23515.3,23515.3,23515.3,0
2020-04-24,23775.3,23775.3,23775.3,23775.3,23775.3,0
2020-04-27,24133.8,24133.8,24133.8,24133.8,24133.8,0
2020-04-28,24101.5,24101.5,24101.5,24101.5,24101.5,0
2020-04-29,24633.9,24633.9,24633.9,24633.9,24633.9,0
2020-04-30,24345.7,24345.7,24345.7,24345.7,24345.7,0
2020-05-01,23723.7,23723.7,23723.7,23723.7,23723.7,0
2020-05-04,23749.8,23749.8,23749.8,23749.8,23749.8,0
2020-05-05,23883.1,23883.1,23883.1,23883.1,23883.1,0
2020-05-06,23664.6,23664.6,23664.6,23664.6,23664.6,0
2020-05-07,23875.9,23875.9,23875.9,23875.9,23875.9,0
2020-05-11,24222.0,24222.0,24222.0,24222.0,24222.0,0
2020-05-12,23764.8,23764.8,23764.8,23764.8,23764.8,0
2020-05-13,23248.0,23248.0,23248.0,23248.0,23248.0,0
2020-05-14,23625.3,23625.3,23625.3,23625.3,23625.3,0
2020-05-15,23685.4,23685.4,23685.4,23685.4,23685.4,0
2020-05-18,24597.4,24597.4,24597.4,24597.4,24597.4,0
2020-05-19,24206.9,24206.9,24206.9,24206.9,24206.9,0
2020-05-20,24575.9,24575.9,24575.9,24575.9,24575.9,0
2020-05-21,24474.1,24474.1,24474.1,24474.1,24474.1,0
2020-05-22,24465.2,24465.2,24465.2,24465.2,24465.2,0
2020-05-26,24995.1,24995.1,24995.1,24995.1,24995.1,0
2020-05-27,25548.3,25548.3,25548.3,25548.3,25548.3,0
2020-05-28,25400.6,25400.6,25400.6,25400.6,25400.6,0
2020-05-29,25383.1,25383.1,25383.1,25383.1,25383.1,0
2020-06-01,25475.0,25475.0,25475.0,25475.0,25475.0,0
2020-06-02,25742.7,25742.7,25742.7,25742.7,25742.7,0
2020-06-03,26269.9,26269.9,26269.9,26269.9,26269.9,0
2020-06-04,26281.8,26281.8,26281.8,26281.8,26281.8,0
2020-06-08,27572.4,27572.4,27572.4,27572.4,27572.4,0
2020-06-09,27272.3,27272.3,27272.3,27272.3,27272.3,0
2020-06-10,26990.0,26990.0,26990.0,26990.0,26990.0,0
2020-06-11,25128.2,25128.2,25128.2,25128.2,25128.2,0
2020-06-12,25605.5,25605.5,25605.5,25605.5,25605.5,0
2020-06-15,25763.2,25763.2,25763.2,25763.2,25763.2,0
2020-06-16,26290.0,26290.0,26290.0,26290.0,26290.0,0
2020-06-17,26119.6,26119.6,26119.6,26119.6,26119.6,0
2020-06-18,26080.1,26080.1,26080.1,26080.1,26080.1,0
2020-06-19,25871.5,25871.5,25871.5,25871.5,25871.5,0
2020-06-22,26025.0,26025.0,26025.0,26025.0,26025.0,0
2020-06-23,26156.1,26156.1,26156.1,26156.1,26156.1,0
2020-06-24,25445.9,25445.9,25445.9,25445.9,25445.9,0
2020-06-25,25745.6,25745.6,25745.6,25745.6,25745.6,0
2020-06-26,25015.5,25015.5,25015.5,25015.5,25015.5,0
2020-06-29,25595.8,25595.8,25595.8,25595.8,25595.8,0
2020-06-30,25812.9,25812.9,25812.9,25812.9,25812.9,0
2020-07-01,25735.0,25735.0,25735.0,25735.0,25735.0,0
2020-07-06,26287.0,26287.0,26287.0,26287.0,26287.0,0
2020-07-07,25890.2,25890.2,25890.2,25890.2,25890.2,0
2020-07-08,26067.3,26067.3,26067.3,26067.3,26067.3,0
2020-07-09,25706.1,25706.1,25706.1,25706.1,25706.1,0
2020-07-10,26075.3,26075.3,26075.3,26075.3,26075.3,0
2020-07-13,26085.8,26085.8,26085.8,26085.8,26085.8,0
2020-07-14,26642.6,26642.6,26642.6,26642.6,26642.6,0
2020-07-15,26870.1,26870.1,26870.1,26870.1,26870.1,0
2020-07-16,26734.7,26734.7,26734.7,26734.7,26734.7,0
2020-07-17,26671.9,26671.9,26671.9,26671.9,26671.9,0
2020-07-20,26680.9,26680.9,26680.9,26680.9,26680.9,0
2020-07-21,26840.4,26840.4,26840.4,26840.4,26840.4,0
2020-07-22,27005.8,27005.8,27005.8,27005.8,27005.8,0
2020-07-23,26652.3,26652.3,26652.3,26652.3,26652.3,0
2020-07-24,26469.9,26469.9,26469.9,26469.9,26469.9,0
2020-07-27,26584.8,26584.8,26584.8,26584.8,26584.8,0
2020-07-28,26379.3,26379.3,26379.3,26379.3,26379.3,0
2020-07-29,26539.6,26539.6,26539.6,26539.6,26539.6,0
2020-07-30,26313.6,26313.6,26313.6,26313.6,26313.6,0
2020-07-31,26428.3,26428.3,26428.3,26428.3,26428.3,0
2020-08-03,26664.4,26664.4,26664.4,26664.4,26664.4,0
2020-08-04,26828.5,26828.5,26828.5,26828.5,26828.5,0
2020-08-05,27201.5,27201.5,27201.5,27201.5,27201.5,0
2020-08-06,27387.0,27387.0,27387.0,27387.0,27387.0,0
2020-08-07,27433.5,27433.5,27433.5,27433.5,27433.5,0
2020-08-10,27791.4,27791.4,27791.4,27791.4,27791.4,0
2020-08-11,27686.9,27686.9,27686.9,27686.9,27686.9,0
2020-08-12,27976.8,27976.8,27976.8,27976.8,27976.8,0
2020-08-13,27896.7,27896.7,27896.7,27896.7,27896.7,0
2020-08-14,27931.0,27931.0,27931.0,27931.0,27931.0,0
2020-08-17,27844.9,27844.9,27844.9,27844.9,27844.9,0
2020-08-18,27778.1,27778.1,27778.1,27778.1,27778.1,0
2020-08-19,27692.9,27692.9,27692.9,27692.9,27692.9,0
2020-08-20,27739.7,27739.7,27739.7,27739.7,27739.7,0
2020-08-21,27930.3,27930.3,27930.3,27930.3,27930.3,0
2020-08-24,28308.5,28308.5,28308.5,28308.5,28308.5,0
2020-08-25,28248.4,28248.4,28248.4,28248.4,28248.4,0
2020-08-26,28331.9,28331.9,28331.9,28331.9,28331.9,0
2020-08-27,28492.3,28492.3,28492.3,28492.3,28492.3,0
2020-08-28,28653.9,28653.9,28653.9,28653.9,28653.9,0
2020-08-31,28430.0,28430.0,28430.0,28430.0,28430.0,0
2020-09-01,28645.7,28645.7,28645.7,28645.7,28645.7,0
2020-09-02,29100.5,29100.5,29100.5,29100.5,29100.5,0
2020-09-03,28292.7,28292.7,28292.7,28292.7,28292.7,0
2020-09-04,28133.3,28133.3,28133.3,28133.3,28133.3,0
2020-09-08,27500.9,27500.9,27500.9,27500.9,27500.9,0
2020-09-09,27940.5,27940.5,27940.5,27940.5,27940.5,0
2020-09-10,27534.6,27534.6,27534.6,27534.6,27534.6,0
2020-09-11,27665.6,27665.6,27665.6,27665.6,27665.6,0
2020-09-14,27993.3,27993.3,27993.3,27993.3,27993.3,0
2020-09-15,27995.6,27995.6,27995.6,27995.6,27995.6,0
2020-09-16,28032.4,28032.4,28032.4,28032.4,28032.4,0
2020-09-17,27902.0,27902.0,27902.0,27902.0,27902.0,0
2020-09-18,27657.4,27657.4,27657.4,27657.4,27657.4,0
2020-09-21,27147.7,27147.7,27147.7,27147.7,27147.7,0
2020-09-22,27288.2,27288.2,27288.2,27288.2,27288.2,0
2020-09-23,26763.1,26763.1,26763.1,26763.1,26763.1,0
2020-09-24,26815.4,26815.4,26815.4,26815.4,26815.4,0
2020-09-25,27174.0,27174.0,27174.0,27174.0,27174.0,0
2020-09-29,27452.7,27452.7,27452.7,27452.7,27452.7,0
2020-09-30,27781.7,27781.7,27781.7,27781.7,27781.7,0
2020-10-02,27682.8,27682.8,27682.8,27682.8,27682.8,0
2020-10-05,28148.6,28148.6,28148.6,28148.6,28148.6,0
2020-10-06,27772.8,27772.8,27772.8,27772.8,27772.8,0
2020-10-07,28303.5,28303.5,28303.5,28303.5,28303.5,0
2020-10-08,28425.5,28425.5,28425.5,28425.5,28425.5,0
2020-10-09,28586.9,28586.9,28586.9,28586.9,28586.9,0
2020-10-12,28837.5,28837.5,28837.5,28837.5,28837.5,0
2020-10-13,28679.8,28679.8,28679.8,28679.8,28679.8,0
2020-10-14,28514.0,28514.0,28514.0,28514.0,28514.0,0
2020-10-15,28494.2,28494.2,28494.2,28494.2,28494.2,0
2020-10-16,28606.3,28606.3,28606.3,28606.3,28606.3,0
2020-10-19,28195.4,28195.4,28195.4,28195.4,28195.4,0
2020-10-20,28308.8,28308.8,28308.8,28308.8,28308.8,0
2020-10-21,28210.8,28210.8,28210.8,28210.8,28210.8,0
2020-10-22,28363.7,28363.7,28363.7,28363.7,28363.7,0
2020-10-23,28335.6,28335.6,28335.6,28335.6,28335.6,0
2020-10-26,27685.4,27685.4,27685.4,27685.4,27685.4,0
2020-10-27,27463.2,27463.2,27463.2,27463.2,27463.2,0
2020-10-29,26659.1,26659.1,26659.1,26659.1,26659.1,0
2020-10-30,26501.6,26501.6,26501.6,26501.6,26501.6,0
2020-11-02,26925.1,26925.1,26925.1,26925.1,26925.1,0
2020-11-03,27480.0,27480.0,27480.0,27480.0,27480.0,0
2020-11-04,27847.7,27847.7,27847.7,27847.7,27847.7,0
2020-11-05,28390.2,28390.2,28390.2,28390.2,28390.2,0
2020-11-06,28323.4,28323.4,28323.4,28323.4,28323.4,0
2020-11-09,29158.0,29158.0,29158.0,29158.0,29158.0,0
2020-11-10,29420.9,29420.9,29420.9,29420.9,29420.9,0
2020-11-11,29397.6,29397.6,29397.6,29397.6,29397.6,0
2020-11-12,29080.2,29080.2,29080.2,29080.2,29080.2,0
2020-11-13,29479.8,29479.8,29479.8,29479.8,29479.8,0
2020-11-16,29950.4,29950.4,29950.4,29950.4,29950.4,0
2020-11-17,29783.4,29783.4,29783.4,29783.4,29783.4,0
2020-11-18,29438.4,29438.4,29438.4,29438.4,29438.4,0
2020-11-20,29263.5,29263.5,29263.5,29263.5,29263.5,0
2020-11-23,29591.3,29591.3,29591.3,29591.3,29591.3,0
2020-11-24,30046.2,30046.2,30046.2,30046.2,30046.2,0
2020-11-25,29872.5,29872.5,29872.5,29872.5,29872.5,0
2020-11-27,29910.4,29910.4,29910.4,29910.4,29910.4,0
2020-11-30,29638.6,29638.6,29638.6,29638.6,29638.6,0
2020-12-02,29883.8,29883.8,29883.8,29883.8,29883.8,0
2020-12-03,29969.5,29969.5,29969.5,29969.5,29969.5,0
2020-12-04,30218.3,30218.3,30218.3,30218.3,30218.3,0
2020-12-07,30069.8,30069.8,30069.8,30069.8,30069.8,0
2020-12-09,30068.8,30068.8,30068.8,30068.8,30068.8,0
2020-12-10,29999.3,29999.3,29999.3,29999.3,29999.3,0
2020-12-11,30046.4,30046.4,30046.4,30046.4,30046.4,0
2020-12-15,30199.3,30199.3,30199.3,30199.3,30199.3,0
2020-12-16,30154.5,30154.5,30154.5,30154.5,30154.5,0
2020-12-17,30303.4,30303.4,30303.4,30303.4,30303.4,0
2020-12-18,30179.0,30179.0,30179.0,30179.0,30179.0,0
2020-12-21,30216.5,30216.5,30216.5,30216.5,30216.5,0
2020-12-22,30015.5,30015.5,30015.5,30015.5,30015.5,0
2020-12-23,30129.8,30129.8,30129.8,30129.8,30129.8,0
2020-12-24,30199.9,30199.9,30199.9,30199.9,30199.9,0
2020-12-28,30404.0,30404.0,30404.0,30404.0,30404.0,0
2020-12-29,30335.7,30335.7,30335.7,30335.7,30335.7,0
2020-12-30,30409.6,30409.6,30409.6,30409.6,30409.6,0
