Date,Open,High,Low,Close,Adj Close,Volume
2020-11-30,116.97,120.97,116.81,119.05,118.67,169410200
2020-12-01,121.01,123.47,120.01,122.72,122.33,127728200
2020-12-02,122.02,123.37,120.89,123.08,122.69,89004200
2020-12-03,123.52,123.78,122.21,122.94,122.55,78967600
2020-12-04,122.6,122.86,121.52,122.25,121.86,78260400
2020-12-07,122.31,124.57,122.25,123.75,123.36,86712000
2020-12-08,124.37,124.98,123.09,124.38,123.98,82225500
2020-12-09,124.53,125.95,121.0,121.78,121.39,115089200
2020-12-10,120.5,123.87,120.15,123.24,122.85,81312200
2020-12-11,122.43,122.76,120.55,122.41,122.02,86939800
2020-12-14,122.6,123.35,121.54,121.78,121.39,79184500
2020-12-15,124.34,127.9,124.13,127.88,127.47,157243700
2020-12-16,127.41,128.37,126.56,127.81,127.4,98208600
2020-12-17,128.9,129.58,128.04,128.7,128.29,94359800
2020-12-18,128.96,129.1,126.12,126.66,126.26,192541500
2020-12-21,125.02,128.31,123.45,128.23,127.82,121251600
2020-12-22,131.61,134.41,129.65,131.88,131.46,168904800
2020-12-23,132.16,132.43,130.78,130.96,130.54,88223700
2020-12-24,131.32,133.46,131.1,131.97,131.55,54930100
2020-12-28,133.99,137.34,133.51,136.69,136.25,124486200
2020-12-29,138.05,138.79,134.34,134.87,134.44,121047300
2020-12-30,135.58,135.99,133.4,133.72,133.29,96452100
